200 1000
62 69 1
3 160 0
23 114 0
68 160 1
54 3 1
5 52 1
16 2 0
138 19 1
110 40 0
46 110 0
77 181 1
21 13 1
195 90 0
41 153 1
116 128 1
13 150 1
13 117 1
97 13 0
190 126 0
78 13 1
132 3 1
97 12 0
2 66 0
67 77 0
162 23 1
142 71 0
78 179 1
120 103 1
21 189 1
175 114 0
163 102 1
98 176 0
190 102 1
83 90 0
129 182 0
100 155 0
182 198 1
110 142 0
185 64 1
145 98 1
124 114 1
91 145 1
152 199 0
126 167 1
170 187 0
94 143 0
11 53 1
98 114 0
11 70 1
173 183 0
190 17 1
142 165 1
70 113 0
97 37 1
20 188 1
147 163 0
172 40 1
51 92 1
101 53 1
3 40 0
67 186 0
116 15 0
190 31 1
28 64 1
118 172 1
156 195 0
184 186 1
185 102 1
94 16 1
32 125 1
133 37 1
59 150 1
192 47 0
164 198 0
42 11 0
122 195 0
52 43 0
3 21 1
87 157 0
174 163 1
185 1 1
36 22 1
160 31 0
172 147 1
132 130 0
32 16 1
27 36 0
17 195 1
24 95 0
196 109 1
35 97 1
95 176 0
4 101 0
114 61 1
93 153 0
99 108 0
41 122 0
7 49 1
140 12 1
11 81 0
133 73 1
69 113 0
136 3 0
64 82 1
74 132 0
53 54 1
13 105 0
50 196 0
121 45 1
12 20 0
60 40 0
173 64 1
117 16 0
88 157 1
80 4 0
105 132 1
138 184 1
32 6 0
178 90 1
122 32 1
178 160 1
188 16 1
159 169 1
67 103 1
193 127 1
2 167 1
144 183 0
135 71 0
148 144 0
33 28 1
112 121 0
69 41 1
36 46 1
153 129 1
65 183 0
144 184 1
102 120 0
170 127 1
49 5 1
48 31 0
12 79 1
79 142 1
22 174 0
92 33 0
110 130 1
119 162 1
73 126 1
6 10 1
26 168 1
187 160 0
123 38 0
192 149 0
152 81 1
23 108 1
21 90 1
63 39 1
128 52 1
1 75 1
1 194 1
36 185 1
42 101 1
50 179 1
80 152 1
140 142 0
49 38 1
75 194 0
8 111 1
93 6 1
133 81 1
150 165 0
140 196 0
94 72 0
159 113 1
64 19 0
23 165 1
41 109 1
94 178 1
144 160 1
148 117 1
28 66 1
23 12 1
170 194 0
69 17 1
149 128 0
114 39 1
126 183 0
13 44 0
7 64 0
122 108 1
149 96 1
147 27 1
89 70 0
178 182 0
55 70 0
155 21 0
126 120 1
29 35 1
158 0 0
121 170 0
170 31 1
92 126 1
41 148 1
160 20 1
111 41 1
102 66 1
51 24 0
85 163 0
81 51 0
25 35 0
158 151 1
170 18 1
48 154 1
107 197 1
113 59 0
150 108 0
24 96 1
62 197 0
129 128 1
91 102 1
8 70 1
1 120 1
48 129 1
187 147 1
30 59 1
82 176 1
77 39 0
156 106 0
52 47 1
39 15 1
130 142 0
98 28 0
134 166 1
59 0 1
47 128 1
141 177 0
37 189 0
153 17 1
146 144 1
99 97 0
91 48 1
119 35 1
5 63 0
144 113 1
170 102 1
75 120 0
122 135 0
104 36 0
188 130 0
41 139 1
33 79 1
35 74 0
133 13 0
2 17 0
21 150 0
92 21 1
23 33 0
67 182 1
7 27 0
169 111 0
82 171 1
152 148 1
35 78 0
41 96 1
69 156 0
145 128 1
68 127 0
12 183 0
125 62 0
122 140 1
9 85 0
151 193 0
161 88 1
22 104 0
2 43 0
179 32 1
43 108 0
112 157 1
13 148 1
121 38 1
20 72 1
113 149 0
159 132 0
99 125 0
130 153 0
38 45 1
112 158 1
55 192 0
133 97 1
26 10 0
87 178 0
100 73 1
76 111 0
97 144 0
89 29 1
117 188 1
191 137 0
91 38 1
78 162 1
135 186 1
132 93 0
7 194 0
42 168 0
137 73 1
18 174 0
118 139 1
93 41 1
108 138 0
119 109 0
62 132 1
188 17 0
55 76 1
195 52 1
14 85 0
40 16 0
100 78 0
147 45 1
144 92 0
143 124 0
173 164 0
172 127 0
82 77 0
183 86 1
129 60 0
42 199 1
62 60 1
155 69 0
164 182 0
177 85 0
8 10 1
162 168 1
149 153 1
9 88 1
74 159 1
98 171 1
95 2 0
197 164 1
61 103 0
121 30 1
163 64 0
173 99 1
12 120 0
121 20 0
59 72 1
41 92 1
6 99 0
73 98 0
179 77 1
154 161 1
84 34 1
169 54 0
58 198 1
131 193 1
92 180 1
91 127 1
55 80 0
170 143 1
96 94 0
47 165 0
69 192 1
188 182 1
56 20 0
149 28 1
20 5 0
28 47 0
154 147 1
38 77 0
149 165 1
148 128 0
198 176 1
96 21 1
184 150 0
182 16 1
146 53 1
50 166 1
179 128 0
88 187 0
10 41 1
171 71 1
34 41 0
106 197 1
61 19 0
82 156 1
32 98 0
190 197 1
196 188 1
81 99 1
1 68 0
7 77 1
101 51 0
139 182 0
166 89 1
105 12 0
177 48 1
45 104 1
197 114 1
149 23 1
57 5 1
85 127 1
48 45 1
123 57 1
21 106 1
149 94 0
50 159 0
96 3 0
70 199 1
82 39 1
95 145 1
69 90 1
123 130 0
3 181 1
132 108 1
41 105 0
65 67 1
88 143 0
63 176 1
189 47 1
169 58 1
169 44 0
89 192 1
146 190 1
2 79 1
96 189 0
42 89 0
38 174 1
31 107 0
93 198 0
29 196 0
47 15 0
25 76 0
91 157 1
185 188 0
31 66 1
146 173 0
54 25 0
36 12 1
22 12 0
165 108 0
18 9 0
103 72 1
153 71 1
29 96 0
145 160 1
167 39 1
1 12 1
61 71 1
179 86 1
41 107 0
80 146 0
0 90 0
46 57 0
30 123 0
60 28 0
87 102 0
46 116 1
140 97 0
3 180 0
42 122 1
23 90 0
196 182 0
65 82 1
179 98 0
109 28 0
174 153 1
193 7 1
28 0 0
93 97 1
128 17 1
7 175 0
11 78 0
73 69 0
91 36 0
187 121 1
97 156 0
113 0 1
14 9 0
170 14 0
137 125 1
163 154 0
52 116 0
133 99 0
158 129 1
113 19 1
129 17 1
174 118 0
175 102 1
157 120 1
93 139 0
42 125 0
125 59 1
196 77 1
147 131 0
190 10 1
137 101 0
127 183 0
119 42 0
32 57 0
82 59 1
144 94 0
13 129 0
103 16 1
179 125 1
132 31 1
56 59 1
162 81 0
105 122 1
173 195 0
175 195 0
162 155 0
54 21 0
147 141 1
27 9 0
21 195 1
188 2 0
35 32 1
172 104 1
143 43 1
67 139 1
36 75 0
35 126 0
36 193 1
30 85 0
22 154 1
93 71 1
196 47 1
134 132 0
96 23 0
196 139 0
173 56 1
53 80 0
46 157 1
77 142 0
113 182 0
104 177 1
175 61 0
106 142 0
67 15 0
62 99 0
67 175 0
198 63 0
47 197 0
168 190 1
185 87 0
159 133 0
141 56 1
99 196 0
85 151 0
27 174 1
169 13 1
28 160 0
146 168 0
99 183 1
88 127 1
161 130 1
26 11 1
118 38 1
95 195 1
105 179 1
45 18 1
74 191 1
140 179 1
140 24 1
179 67 1
37 92 1
90 108 1
131 151 0
125 41 0
23 64 0
37 5 1
192 21 0
34 111 0
127 102 1
34 169 0
190 94 1
78 6 0
10 16 1
5 167 1
179 23 1
106 2 0
98 127 0
148 179 1
37 40 1
83 108 1
140 109 1
32 116 0
188 98 1
78 3 1
19 182 1
123 188 0
90 43 0
73 102 0
183 156 0
112 141 1
87 131 0
77 127 1
105 183 1
31 157 1
126 109 0
56 71 1
57 103 1
158 118 1
111 81 1
22 1 0
45 174 0
94 12 1
130 79 0
139 98 0
40 56 1
31 56 0
69 77 0
144 72 1
118 45 0
192 105 0
180 173 0
140 96 1
155 119 0
116 61 1
126 79 1
84 26 1
112 91 1
36 30 1
134 4 1
62 96 0
166 32 0
44 94 1
131 38 1
152 78 1
27 139 1
81 132 1
183 150 1
62 183 0
7 104 1
49 28 0
73 167 1
36 123 0
171 195 1
196 58 0
157 56 0
33 61 1
159 81 0
76 35 0
139 198 0
140 28 1
29 54 0
55 162 0
179 182 0
37 93 1
66 79 0
48 65 0
199 134 0
10 12 0
192 164 0
92 190 1
81 93 1
103 2 0
86 186 0
77 46 0
191 149 1
46 182 1
135 86 1
190 132 1
78 93 1
123 27 1
141 87 1
84 4 1
100 74 1
151 65 0
0 83 0
105 156 0
135 142 0
177 112 1
10 28 0
185 163 0
160 82 1
19 183 0
94 37 0
192 98 0
44 139 0
143 117 0
107 46 1
172 57 0
145 150 0
134 73 0
161 123 0
72 150 1
45 88 0
134 41 1
125 52 1
150 116 1
120 116 1
25 109 1
109 83 0
11 32 0
132 99 0
50 54 0
74 53 0
96 182 1
63 90 0
49 151 0
123 117 0
145 28 1
39 128 1
97 63 1
170 46 1
194 22 0
140 43 1
129 178 1
28 77 1
30 31 1
2 135 0
38 20 1
153 86 0
65 64 0
123 151 0
192 188 1
149 61 0
9 59 0
75 193 1
115 55 0
6 41 0
172 170 1
123 112 0
88 56 1
55 99 1
81 89 1
130 129 0
45 1 0
190 57 0
73 113 0
30 131 0
47 106 0
94 106 0
131 157 1
58 69 0
185 121 1
147 1 1
42 69 0
144 32 1
100 137 1
91 161 1
67 128 1
30 139 0
119 113 0
62 73 0
5 95 1
48 187 0
70 152 1
161 160 1
23 136 0
93 19 1
148 12 1
189 6 1
113 192 0
168 58 0
67 52 1
44 60 0
33 145 1
34 191 1
144 145 1
83 184 0
82 178 1
102 65 1
59 117 1
100 169 0
45 77 1
49 48 0
29 92 0
40 77 0
21 62 1
67 61 0
159 144 0
74 134 0
143 110 1
87 145 1
19 142 0
187 175 0
151 141 0
144 173 0
29 11 0
21 109 0
184 198 0
110 63 0
83 127 0
155 37 1
13 64 1
88 27 1
27 57 0
74 73 1
125 195 0
162 4 1
194 65 0
18 120 0
68 104 0
186 198 1
70 100 0
51 159 0
109 179 0
131 56 0
56 143 1
27 188 0
58 95 0
192 58 0
119 144 1
25 84 0
89 73 1
135 165 1
101 13 1
161 188 0
67 107 1
95 197 1
161 171 0
76 155 0
173 67 0
121 154 0
102 77 0
113 63 0
139 175 0
98 95 0
167 165 1
19 198 1
75 174 1
143 107 0
83 120 0
157 110 0
126 46 0
35 81 1
15 124 1
149 44 1
127 156 0
75 154 0
1 59 0
131 91 0
44 132 0
195 124 1
74 42 1
188 145 1
89 152 0
20 181 1
117 127 1
28 59 0
60 153 0
10 192 1
152 101 0
75 127 0
62 140 0
23 66 0
168 94 0
175 12 0
132 77 1
52 156 1
119 11 0
171 57 1
149 150 1
15 86 1
127 186 0
171 182 0
67 184 0
139 188 1
165 86 0
170 87 1
165 66 0
187 112 1
126 132 0
146 93 1
4 100 1
167 116 0
153 106 0
143 59 1
120 67 0
140 167 0
85 40 0
21 73 1
6 19 0
76 80 0
52 176 0
50 94 0
118 7 0
37 21 1
116 66 1
179 126 0
75 64 1
131 14 1
132 90 1
196 189 0
93 72 0
97 20 0
70 74 0
139 40 1
14 185 0
31 184 0
80 192 1
41 62 1
51 53 0
137 119 1
99 94 0
199 190 1
129 72 1
80 115 0
74 180 0
130 107 0
13 43 0
194 68 0
74 101 0
126 24 1
73 10 1
24 105 1
184 135 1
4 115 1
59 157 1
158 104 0
8 76 1
178 0 0
70 32 1
97 73 1
99 3 1
181 83 0
38 28 0
158 64 0
95 153 1
49 194 0
51 96 0
7 188 0
96 110 1
88 163 1
192 56 0
95 79 0
154 31 1
17 103 1
29 8 1
7 36 1
14 139 0
192 143 0
54 96 1
43 79 1
48 56 1
22 85 1
55 4 1
0 72 0
136 61 0
32 148 1
111 42 1
88 170 1
166 146 0
60 67 1
58 79 0
198 86 1
163 158 0
9 154 0
78 42 0
41 197 1
3 37 0
103 176 1
168 50 0
8 109 1
24 107 1
37 110 1
72 138 0
169 8 1
172 177 0
23 98 0
93 5 0
99 67 1
96 122 1
85 118 1
14 120 1
193 18 1
174 102 0
174 185 1
180 32 0
4 140 1
75 160 1
172 31 0
6 33 1
68 18 1
179 120 0
64 102 0
49 83 1
138 186 1
32 186 0
137 58 0
127 56 1
97 0 1
4 166 1
181 139 1
125 120 0
98 197 0
69 188 0
178 33 0
85 123 0
143 184 1
42 192 0
50 34 0
35 168 1
29 42 0
172 131 1
71 116 0
150 17 1
93 120 0
176 167 0
30 174 1
118 18 1
