1000 10000
347 633 1
356 412 1
555 541 1
856 134 1
312 5 1
539 231 0
313 818 1
145 275 1
887 811 0
627 834 0
779 523 0
111 83 1
416 586 0
52 409 1
656 605 0
527 146 1
674 193 1
833 912 0
988 127 1
133 973 1
516 906 1
587 865 0
146 794 0
789 219 0
952 97 1
480 812 0
798 803 1
161 223 0
977 998 0
110 128 0
164 711 0
212 310 0
266 987 1
843 986 0
853 805 0
992 732 1
513 879 0
530 470 1
114 982 1
42 578 0
377 13 0
268 863 0
729 618 1
206 818 1
694 705 0
539 775 1
529 320 0
449 542 0
6 528 0
739 614 1
99 430 0
951 881 1
626 72 0
844 47 1
26 266 0
814 180 0
918 994 0
790 832 1
799 188 1
220 365 1
651 518 0
874 238 0
277 496 0
622 750 0
210 745 0
586 645 1
446 20 1
682 542 1
575 177 0
156 679 1
184 50 1
998 531 0
774 31 0
489 950 0
196 39 1
173 864 0
377 232 1
573 358 1
224 752 1
962 791 0
198 756 0
439 579 1
161 362 1
205 909 1
376 731 0
48 489 1
364 166 0
698 987 0
880 643 0
160 207 1
471 656 0
365 186 0
307 938 1
896 340 1
254 79 0
150 221 0
326 159 1
341 199 0
792 709 1
481 703 0
19 650 1
178 504 0
504 187 0
80 294 1
656 488 1
222 826 0
3 235 0
800 737 1
122 79 1
604 620 1
84 377 0
852 926 0
393 630 1
56 999 0
678 276 0
230 838 0
491 715 0
994 36 0
907 649 0
139 285 1
760 423 0
249 625 0
564 868 0
501 952 0
765 92 1
991 362 0
461 78 1
403 96 1
396 58 0
175 537 0
119 28 1
940 508 1
720 897 1
958 577 0
850 784 0
6 309 0
204 571 0
364 840 1
655 939 0
958 582 1
386 376 1
145 723 1
339 413 0
497 764 1
268 878 1
375 86 1
451 647 1
850 877 0
56 606 1
839 107 0
433 970 1
796 40 0
746 565 0
505 657 1
642 287 1
72 110 1
861 785 0
691 345 1
234 868 1
534 88 0
158 37 1
588 405 0
527 439 1
721 624 1
810 808 1
29 472 0
256 343 1
378 540 0
882 391 0
60 837 0
579 828 0
672 374 1
715 936 0
620 67 1
362 40 1
174 222 0
699 509 1
549 238 0
970 600 1
632 822 1
634 113 0
269 628 0
325 230 0
382 915 0
936 98 0
158 586 1
205 610 0
586 191 1
261 824 0
48 402 1
472 553 1
630 619 1
89 267 0
672 28 0
14 749 0
7 179 1
397 860 0
555 846 0
679 653 0
92 811 0
85 208 0
32 386 0
972 411 1
109 72 0
219 432 1
177 904 0
324 458 1
222 403 1
924 90 0
36 173 0
203 909 0
880 234 0
804 115 1
84 683 0
846 56 1
87 158 0
983 321 1
922 603 0
612 141 0
964 244 0
446 427 1
988 310 0
767 682 1
124 548 0
628 574 0
742 373 0
109 6 1
629 444 1
219 120 1
940 167 0
350 505 1
872 127 0
616 746 1
573 728 0
668 974 0
771 2 1
807 84 1
913 636 1
672 961 0
544 877 0
683 176 1
42 131 0
109 471 1
49 797 1
320 414 1
481 445 0
261 571 0
182 662 0
292 448 0
327 50 1
440 590 0
360 742 1
97 142 0
121 123 1
560 985 0
455 645 0
375 302 0
870 153 1
927 519 1
186 430 1
634 830 1
889 220 0
193 99 0
827 208 1
671 853 1
671 81 1
749 654 1
579 417 0
426 925 0
531 931 0
491 678 0
141 330 0
893 766 1
477 890 0
992 998 1
573 292 1
356 602 1
954 399 0
76 527 0
143 390 0
661 880 1
206 209 1
517 861 1
95 659 1
440 935 0
63 469 0
919 586 0
355 664 1
651 935 1
631 428 0
513 545 1
41 782 0
976 811 1
566 364 0
353 594 0
350 45 0
690 243 1
159 150 0
392 657 1
753 483 1
477 595 0
634 592 1
338 115 0
123 570 0
657 987 1
41 51 1
738 834 0
801 546 1
587 242 0
809 935 1
666 552 0
592 929 0
193 113 1
780 408 0
870 374 0
254 87 1
56 931 0
319 295 0
493 172 1
545 592 0
177 36 1
758 149 0
992 694 1
621 953 0
541 455 1
532 64 0
390 180 0
987 809 1
227 300 1
996 287 0
361 606 1
895 637 1
693 276 0
377 946 0
958 366 0
313 606 1
545 901 1
761 739 1
304 202 0
807 16 1
714 485 1
813 424 0
635 381 1
385 585 0
859 318 0
315 886 1
555 77 1
448 824 1
421 684 0
230 41 0
536 890 1
531 378 0
389 868 0
986 421 0
637 381 1
585 137 0
437 43 0
719 78 1
508 112 0
493 949 1
991 363 0
291 391 0
440 718 1
872 138 1
355 596 0
561 888 1
268 297 1
540 83 1
171 211 0
40 844 1
616 331 0
129 176 0
855 228 0
2 969 1
958 518 0
82 502 0
112 443 1
294 989 1
76 236 0
114 955 0
480 684 0
792 708 1
485 122 1
872 318 1
791 610 1
807 83 0
466 589 0
497 324 1
119 715 0
9 80 0
152 367 0
801 517 0
524 683 0
538 91 0
222 420 1
179 271 1
340 536 1
114 854 0
18 606 1
727 133 0
606 689 1
556 19 1
126 58 1
934 913 0
190 138 1
968 917 0
573 679 1
342 631 0
68 329 0
839 711 1
75 552 1
776 530 0
467 93 1
870 946 1
653 84 1
649 284 0
966 473 1
609 149 0
638 406 1
839 146 0
19 642 0
873 789 0
758 69 0
845 626 0
744 162 1
800 972 0
249 951 0
131 857 1
418 429 1
288 953 1
398 433 1
411 240 0
649 450 0
296 559 0
558 528 1
504 781 0
861 922 1
208 245 1
938 911 0
824 972 1
896 728 1
772 791 1
421 984 1
639 98 0
179 754 1
157 48 0
396 805 1
29 437 0
230 822 1
842 809 0
566 4 1
506 210 1
840 19 0
360 764 0
709 987 0
359 981 0
476 923 0
78 312 1
434 180 1
781 352 1
432 947 0
300 598 0
203 795 1
282 133 1
974 924 1
534 268 1
158 455 1
954 503 0
932 541 1
923 582 1
229 242 0
267 844 1
571 925 0
858 498 0
864 585 0
788 719 1
225 430 0
548 784 1
495 114 0
159 414 1
608 747 0
465 38 1
264 762 1
839 72 1
306 742 0
200 470 0
390 758 1
702 791 0
884 21 1
216 900 1
779 928 1
976 632 0
506 216 1
91 972 0
937 594 1
882 938 1
61 612 0
334 906 1
626 52 0
92 423 1
748 409 1
186 91 0
841 397 1
764 704 1
24 625 0
314 304 0
58 505 1
810 420 1
701 516 0
223 368 1
601 165 1
95 237 0
15 794 1
254 809 1
484 278 0
655 344 0
398 523 1
480 842 0
445 998 1
332 800 1
141 862 1
986 782 1
42 558 1
662 160 0
476 129 0
997 469 0
561 253 1
120 674 0
410 232 0
940 781 1
9 873 1
943 580 0
181 60 1
220 552 1
402 292 0
266 921 1
955 211 1
685 411 0
495 485 0
358 814 0
477 973 0
372 72 0
686 303 1
677 28 1
579 143 0
590 931 1
591 558 1
831 336 1
772 570 0
132 34 1
669 936 1
648 859 0
16 472 1
247 96 1
146 987 0
805 351 0
420 579 0
571 418 0
671 886 0
310 229 0
773 394 0
953 586 1
629 928 1
44 683 1
542 223 0
283 999 1
738 445 1
826 179 0
662 513 1
997 795 1
873 20 0
636 295 0
510 266 1
587 706 0
248 826 0
517 256 0
440 182 0
465 782 1
227 187 0
509 23 0
394 461 1
556 143 0
30 495 0
237 62 0
934 848 0
18 587 0
728 255 0
361 444 0
407 176 1
756 976 0
375 733 0
254 626 0
778 293 1
800 437 0
79 644 1
231 594 1
746 640 1
986 612 1
765 792 0
49 467 1
181 104 0
310 937 1
508 992 1
433 842 1
165 943 1
993 320 1
701 302 0
442 334 1
93 785 0
493 455 0
374 383 1
175 469 0
208 564 0
393 853 0
232 908 0
124 409 0
598 654 0
75 587 1
113 21 0
511 115 1
585 570 1
203 327 1
604 280 1
20 28 0
608 899 1
744 235 0
399 758 0
561 211 1
464 336 1
620 315 1
665 766 0
885 188 0
61 390 1
87 459 0
401 431 1
994 571 1
195 647 1
456 379 0
57 227 1
467 676 0
324 301 0
75 752 0
153 413 1
334 974 1
875 519 1
390 321 0
762 730 1
163 762 0
314 949 0
120 90 1
495 699 0
606 950 1
109 687 1
27 670 1
305 553 1
667 898 0
51 631 0
419 712 0
589 385 1
72 812 0
981 277 0
944 673 0
850 882 0
907 986 1
211 206 1
934 480 0
145 236 0
734 223 1
971 563 0
396 987 0
259 933 1
49 923 1
292 94 0
789 534 1
937 313 0
741 148 1
377 481 1
453 150 1
209 53 1
469 989 1
101 195 0
674 10 0
75 361 0
362 900 0
571 580 0
961 221 0
721 582 1
560 79 1
413 838 1
415 128 0
114 974 1
26 714 0
706 828 0
946 944 1
92 959 1
526 678 0
212 386 1
479 116 0
488 279 0
27 297 1
200 11 0
946 844 0
893 187 1
310 135 1
587 598 0
132 979 1
742 499 0
174 550 1
942 47 0
696 480 0
913 826 0
685 756 1
317 865 1
324 523 1
878 364 0
711 285 1
358 672 0
469 762 0
870 414 0
297 721 1
845 443 1
884 665 0
290 410 0
535 717 1
203 990 1
210 774 0
601 851 0
830 621 0
12 191 1
22 828 1
186 673 1
233 708 1
174 112 0
756 581 0
31 166 1
586 11 0
339 228 1
843 205 1
950 919 0
795 122 0
549 865 0
195 259 1
532 264 1
322 363 0
377 904 1
719 714 1
292 203 0
141 316 1
355 714 0
265 284 0
367 849 1
534 475 0
483 546 0
704 622 0
612 838 1
220 128 0
193 583 0
63 640 1
503 682 1
849 234 0
946 969 0
73 673 0
437 343 1
419 949 1
633 944 1
439 424 0
733 411 0
628 764 0
145 256 0
631 391 0
217 553 0
724 93 0
483 410 0
157 79 0
296 28 0
535 586 0
789 120 0
606 375 0
289 688 1
107 205 1
421 67 0
969 173 0
814 567 1
590 832 1
386 540 1
313 119 1
933 781 0
649 979 1
556 702 0
31 592 1
181 138 0
615 51 0
886 663 1
90 673 0
359 948 1
755 475 1
938 301 0
292 915 0
963 298 0
994 935 0
821 476 1
819 123 0
939 407 0
313 688 0
200 714 1
855 213 1
761 357 0
452 729 1
671 551 0
243 409 1
55 491 1
450 902 0
285 716 0
458 975 1
629 659 0
9 262 0
858 750 0
121 641 0
277 515 0
147 246 0
81 890 0
227 519 1
60 818 1
449 896 0
283 738 1
212 862 0
943 126 0
533 23 1
541 953 1
881 703 0
963 598 1
16 969 0
328 152 0
505 709 1
527 929 0
759 590 1
56 393 0
371 658 0
308 485 0
504 338 1
686 112 0
313 135 0
232 998 1
648 457 0
573 105 0
629 672 0
544 972 1
922 996 1
653 562 1
634 140 0
186 727 1
30 296 0
964 828 0
834 401 1
724 620 1
292 869 0
157 122 0
432 155 0
311 239 1
488 565 1
985 184 1
495 651 1
763 139 0
716 924 0
504 547 1
897 256 0
557 621 0
957 65 1
881 962 1
381 443 0
151 938 1
848 672 1
916 478 0
204 284 0
836 172 0
383 971 1
262 726 1
412 320 0
602 993 1
331 745 1
991 589 1
159 856 1
684 898 0
251 642 1
401 611 0
82 681 1
450 918 0
327 868 1
212 638 0
659 284 1
493 828 0
357 553 1
439 685 0
140 15 0
51 687 1
281 603 0
171 577 1
849 36 1
65 304 1
134 250 0
965 245 1
782 16 1
641 201 1
321 90 0
192 531 1
232 33 1
332 633 0
398 234 0
432 256 1
676 791 0
351 37 1
868 999 1
873 902 0
128 926 0
889 39 0
205 568 1
344 728 1
603 774 1
357 233 0
493 481 0
583 434 1
100 916 0
119 758 0
232 607 0
588 890 1
694 949 0
758 197 0
537 416 1
10 222 0
94 454 0
465 633 0
648 416 0
834 45 0
101 794 1
59 377 1
899 703 1
878 327 0
101 923 0
212 646 0
846 915 1
337 333 1
290 894 0
117 378 1
313 299 1
127 30 0
959 305 0
833 975 1
435 111 0
151 984 1
346 301 1
733 993 1
243 829 0
253 285 1
294 368 1
368 727 1
853 452 0
816 696 1
500 267 1
893 15 0
692 279 0
956 538 1
17 29 1
247 366 0
113 751 1
32 433 0
63 503 0
828 448 1
63 62 0
58 379 0
236 761 0
856 938 1
779 737 0
713 694 0
381 35 1
444 284 1
651 695 1
382 517 0
653 377 1
534 980 1
541 645 1
487 442 1
864 295 0
764 817 0
547 627 0
457 683 1
380 443 0
794 989 0
566 503 0
666 194 0
456 993 1
64 478 0
824 743 0
339 711 0
185 700 1
502 264 0
200 850 0
162 810 1
889 186 0
957 821 1
813 516 1
824 430 1
89 862 0
926 5 1
391 35 0
551 78 1
489 174 1
278 834 1
270 613 1
6 350 1
77 80 0
268 712 1
815 727 0
733 60 0
811 429 1
52 372 0
792 798 1
394 653 1
703 781 1
765 464 1
927 598 1
391 898 0
689 339 0
204 827 0
495 302 1
901 830 0
882 45 0
8 453 1
909 27 1
330 983 1
309 161 1
791 625 1
71 45 0
478 474 0
206 346 0
746 716 1
443 455 0
302 972 0
3 706 1
857 53 0
996 760 0
84 725 0
295 286 0
438 373 0
938 455 0
373 423 0
5 194 0
847 706 1
750 695 1
226 305 0
599 57 0
516 356 1
710 381 1
954 236 0
156 123 1
294 207 1
693 151 0
723 687 0
285 138 1
13 207 1
140 942 1
366 416 1
247 907 1
670 665 1
448 781 0
897 797 1
243 753 0
206 29 1
163 365 1
307 631 1
385 84 1
214 753 1
161 610 1
35 586 0
980 565 1
150 517 1
858 865 1
362 460 1
505 422 1
702 800 0
124 52 1
615 941 0
823 181 0
493 248 1
949 481 0
869 71 0
144 99 0
62 122 1
744 277 0
898 770 0
838 782 1
883 327 1
137 595 1
753 464 0
720 476 0
681 700 0
159 143 1
475 832 1
153 961 1
642 96 1
824 725 1
722 753 0
497 199 0
6 529 1
428 448 0
380 440 0
128 400 0
966 731 0
248 373 1
841 25 1
15 745 0
696 845 1
476 1 0
142 36 0
2 139 0
33 570 0
956 461 1
448 245 1
847 813 1
233 668 1
827 341 1
565 683 1
748 542 1
603 997 1
165 187 1
839 5 0
10 825 1
691 654 1
282 80 1
969 133 1
626 13 0
78 682 1
101 459 1
494 678 0
806 928 1
6 72 0
19 784 0
848 566 1
463 860 1
143 88 0
858 183 1
39 331 0
0 557 0
411 525 0
656 224 0
740 528 1
976 822 1
180 624 0
182 185 0
159 573 1
923 998 1
719 223 0
587 959 0
802 612 1
271 172 0
321 760 0
467 304 1
18 758 1
706 87 1
454 90 0
835 918 0
97 129 0
538 263 1
860 37 1
148 688 0
981 283 1
827 670 0
218 558 1
408 230 0
334 531 1
886 364 0
657 692 1
735 496 1
550 829 0
647 93 1
866 884 0
451 857 1
447 169 1
361 954 0
667 245 0
211 790 1
809 531 1
738 232 0
685 24 1
320 838 1
469 386 0
690 480 1
587 174 1
372 768 1
696 934 1
77 688 0
897 603 1
532 662 1
76 202 0
476 922 1
998 71 0
265 927 1
556 340 1
399 549 1
133 187 0
697 139 0
196 552 0
178 780 1
961 358 0
869 722 0
596 23 0
771 583 1
422 987 0
304 325 0
893 568 1
870 869 0
53 411 1
181 171 1
43 684 1
394 302 1
160 175 1
67 255 1
382 829 0
715 563 0
993 940 1
980 201 0
624 998 0
642 579 0
864 387 0
928 956 1
899 380 1
235 645 1
884 216 0
291 41 1
437 522 1
814 753 1
235 275 1
206 302 1
362 925 1
338 230 0
312 71 0
268 837 0
641 587 1
203 101 1
938 328 0
419 501 1
623 344 1
483 408 1
579 663 1
178 257 0
259 942 0
383 50 0
534 788 1
509 356 1
428 911 1
216 80 0
170 245 0
40 875 0
313 502 1
243 453 0
511 416 0
775 186 0
629 815 0
48 334 0
385 653 0
352 24 0
957 996 0
332 551 0
825 186 1
719 329 1
393 376 0
253 454 0
781 962 1
518 858 0
696 217 0
219 434 1
153 573 1
196 415 1
5 558 0
164 517 1
627 550 0
571 862 1
739 825 1
644 260 0
155 229 0
805 137 0
63 551 0
365 678 1
706 682 0
833 749 1
351 729 0
228 481 1
554 259 0
464 859 0
890 379 1
11 860 0
149 198 1
595 560 1
287 390 1
897 619 1
150 164 1
75 640 0
874 460 0
272 465 0
972 282 0
319 914 0
418 419 1
34 392 1
595 318 0
490 851 0
781 216 0
582 824 1
617 707 1
941 905 1
816 429 1
251 272 1
636 553 1
185 627 0
663 236 0
799 10 1
323 783 1
425 860 0
887 12 0
839 639 1
405 908 1
799 325 0
911 725 0
652 99 1
476 203 1
522 217 0
940 852 1
556 193 1
675 50 0
73 990 0
690 38 0
819 551 0
654 927 0
5 400 0
948 39 0
803 730 1
323 448 1
650 137 1
840 262 0
365 240 1
484 204 1
904 791 0
363 86 1
788 624 0
861 737 0
616 584 0
867 49 1
368 916 1
881 821 1
335 367 1
37 350 1
458 407 1
38 258 0
243 870 0
893 168 1
807 904 1
370 775 1
833 691 0
205 977 1
506 626 1
418 450 1
511 812 0
531 621 0
830 45 1
733 637 1
34 434 1
865 561 1
820 861 0
960 665 0
193 827 1
892 180 1
90 387 1
702 144 1
555 119 1
324 234 1
645 537 0
461 326 1
249 439 1
516 727 1
490 78 1
660 727 0
570 286 0
718 410 0
349 780 0
424 178 1
848 134 1
439 429 0
76 933 1
666 13 0
803 197 1
307 242 1
366 37 0
789 558 0
296 405 0
935 111 1
382 547 1
531 191 0
547 836 1
955 380 1
452 552 0
718 766 0
637 578 0
469 397 1
19 222 1
508 149 0
821 867 0
51 134 0
532 306 1
538 602 1
794 633 0
322 431 1
602 578 1
643 491 1
419 789 1
300 944 1
10 642 1
5 866 1
820 698 0
656 645 1
872 555 1
764 306 1
456 191 0
747 224 0
309 688 0
227 301 1
16 276 1
77 185 1
548 292 1
765 423 0
744 75 1
205 698 0
373 79 1
187 633 1
861 146 0
544 474 1
438 742 1
703 347 1
351 507 1
437 45 0
389 815 1
776 541 1
2 652 0
957 778 0
874 354 1
522 305 1
802 837 0
563 727 1
190 705 1
318 477 1
785 435 0
358 0 0
904 648 0
657 381 0
634 833 0
686 216 1
220 312 1
193 21 1
387 454 0
393 353 0
289 130 0
456 844 0
954 872 0
452 583 0
432 733 1
159 998 0
192 901 0
892 405 1
714 776 0
635 757 1
516 742 0
606 382 1
41 286 0
484 601 0
823 254 1
564 525 1
369 576 1
118 666 0
651 425 1
426 734 0
911 607 1
909 1 1
587 595 1
366 692 1
992 98 0
29 522 1
558 970 1
40 299 1
316 857 0
224 139 0
259 472 0
768 659 1
710 469 0
839 910 1
376 966 1
555 549 0
338 879 0
171 463 1
928 37 1
717 83 0
786 833 0
15 736 1
796 875 0
21 545 0
993 437 0
700 226 0
471 541 0
967 635 1
818 111 1
498 559 0
60 726 0
2 642 0
675 306 1
30 206 0
644 572 0
18 400 0
335 619 1
107 870 0
492 952 0
132 0 0
409 713 0
830 700 0
109 818 1
717 35 0
170 262 0
223 844 0
695 860 0
150 462 1
862 653 0
432 993 1
458 57 1
793 282 0
397 175 1
913 754 1
331 703 0
457 597 0
81 285 1
356 29 0
697 939 1
110 165 0
39 346 0
744 173 0
346 40 0
692 541 1
637 342 1
2 193 0
732 459 0
947 639 0
876 149 0
338 244 0
605 507 0
843 488 0
441 138 0
303 766 0
150 939 1
800 340 0
529 414 1
452 175 1
846 454 1
584 96 1
480 803 1
682 506 0
26 807 1
107 186 0
313 361 0
898 519 0
232 112 0
928 52 1
896 892 0
374 203 1
907 525 0
164 582 0
86 842 0
43 812 1
403 964 0
69 282 1
383 115 1
205 241 0
353 357 1
685 276 1
839 928 1
314 49 1
686 445 0
76 971 1
221 648 0
853 277 1
144 514 0
105 396 0
391 617 0
883 828 0
801 214 1
463 145 0
98 989 1
466 174 0
112 946 0
800 419 0
141 678 1
173 116 1
203 424 1
426 218 0
485 596 1
501 268 1
421 151 1
364 584 1
461 103 0
460 515 0
315 957 0
303 236 1
383 326 0
766 226 0
195 455 0
680 427 0
467 792 0
513 404 0
774 740 0
419 795 1
816 839 0
903 430 1
561 997 0
694 405 0
900 294 0
302 267 0
591 943 1
940 995 0
845 555 1
624 725 0
41 7 1
332 635 0
640 593 0
897 508 0
292 615 1
419 644 0
532 77 0
715 633 1
645 860 0
147 791 1
365 973 1
841 45 1
42 59 1
439 640 1
389 691 1
848 521 0
769 420 0
814 661 1
222 389 0
126 933 1
302 70 1
826 500 0
741 289 0
749 175 0
863 425 0
641 237 1
192 323 0
399 369 1
677 854 1
478 678 1
942 745 1
823 981 1
506 822 0
177 985 1
897 764 0
370 745 0
52 258 0
126 213 0
196 113 0
44 536 1
43 356 0
861 476 0
592 486 1
332 456 0
506 727 1
118 367 0
803 285 1
967 748 1
791 575 1
934 519 1
309 894 1
698 467 1
971 364 1
805 176 1
597 20 1
18 885 0
873 122 0
95 526 0
440 533 1
873 649 0
398 207 1
224 215 0
892 860 1
728 949 0
720 195 1
980 191 0
576 589 1
361 555 0
710 607 0
933 67 1
548 413 1
363 708 0
349 503 0
75 779 1
205 203 0
646 114 1
208 893 0
216 828 1
934 18 1
101 241 1
718 770 1
225 47 0
713 488 1
142 932 0
730 368 0
619 99 0
910 527 1
635 1 0
237 845 1
701 539 1
396 334 0
465 41 0
271 98 1
393 798 1
101 565 0
4 544 0
436 460 1
144 136 0
52 748 0
201 953 1
836 34 0
161 952 0
462 428 0
349 498 0
664 498 1
120 878 1
34 911 0
193 605 0
392 469 1
98 775 0
320 532 1
26 200 0
781 255 0
386 227 0
156 598 0
584 341 0
119 173 0
399 981 0
121 557 1
93 698 0
447 740 0
278 465 0
481 173 0
331 227 0
845 769 0
754 811 1
996 323 0
817 935 0
475 230 1
435 455 0
647 262 1
73 710 1
206 535 0
726 709 1
436 94 1
845 654 0
825 392 0
552 66 0
920 609 1
669 752 0
297 884 1
144 454 1
536 625 1
423 742 0
291 487 0
975 927 1
207 639 1
415 851 0
266 255 0
535 541 0
148 519 1
839 967 1
958 935 1
370 670 0
154 688 0
895 812 1
490 673 0
445 973 1
688 415 1
840 191 1
915 483 0
917 990 0
688 407 1
233 553 0
787 613 0
18 429 1
676 572 1
410 458 0
829 537 1
580 352 0
104 308 0
2 579 1
671 783 0
686 794 0
767 46 0
120 767 0
912 473 0
517 548 0
513 217 0
952 864 1
60 502 0
23 574 0
588 208 0
320 926 1
247 511 1
812 356 0
393 121 1
848 28 1
718 366 0
853 170 1
105 442 0
546 222 1
564 880 0
317 714 0
440 211 1
945 584 1
723 979 1
398 163 0
389 564 1
472 86 0
774 654 1
799 326 0
300 398 1
261 268 0
598 613 0
420 236 1
537 111 0
644 479 0
773 444 0
135 518 0
801 496 0
128 791 1
214 451 1
609 862 0
99 139 1
571 835 1
94 580 1
480 429 0
73 817 1
310 442 1
435 783 1
626 922 1
778 287 0
605 295 0
679 301 1
444 788 1
318 982 0
717 455 1
40 289 0
234 25 1
516 231 0
73 529 0
152 434 1
112 493 1
773 302 1
961 327 0
411 973 1
548 640 1
165 825 0
54 103 1
345 97 0
545 194 1
768 682 0
397 643 1
790 559 1
31 202 0
426 372 1
610 978 1
877 100 1
495 828 0
970 234 1
585 758 0
759 317 0
799 562 0
270 832 1
470 651 0
836 465 1
509 677 1
865 470 1
80 267 1
111 455 1
926 337 1
301 966 1
296 865 1
6 466 0
256 828 0
494 778 1
211 185 1
185 727 1
142 871 0
361 222 1
922 906 1
704 708 0
566 114 1
677 644 1
657 425 0
463 440 1
191 540 0
610 24 1
557 189 0
828 417 1
466 905 1
678 474 1
335 718 0
399 265 1
177 565 1
843 67 1
94 802 0
425 381 1
466 575 0
119 877 0
866 796 0
370 329 1
967 195 1
743 585 1
593 983 1
582 445 1
495 577 1
629 544 1
359 830 1
428 348 1
139 560 1
9 456 1
767 146 0
268 22 0
852 275 0
861 720 1
193 262 0
67 343 1
514 645 0
328 687 0
628 983 1
705 877 0
841 868 0
451 424 1
518 143 1
816 45 0
102 389 0
124 369 1
220 775 0
290 491 0
30 20 1
614 572 0
549 373 1
183 88 0
609 725 0
684 891 1
627 421 1
144 479 1
240 294 1
702 649 1
201 864 1
590 652 0
342 541 0
533 958 0
270 841 0
341 469 1
658 292 0
550 984 0
258 248 1
527 407 1
277 709 1
110 319 0
518 26 0
512 202 1
56 581 0
397 367 0
247 426 1
101 909 0
440 266 0
384 465 0
400 610 0
663 392 0
563 347 1
865 646 0
966 32 0
56 313 0
20 985 1
619 886 0
413 106 1
945 705 1
731 334 1
363 726 1
650 100 0
863 419 1
141 836 0
619 64 0
843 785 0
904 754 0
17 372 1
915 51 0
399 845 1
127 714 1
22 994 1
741 400 1
761 528 0
528 634 1
839 578 0
333 187 0
458 368 1
185 852 0
341 528 1
377 576 1
920 655 1
664 697 1
773 776 1
473 643 1
356 272 0
193 329 1
510 530 0
275 434 1
332 855 1
699 272 1
677 138 0
911 151 1
571 735 0
918 992 0
520 653 0
879 949 0
522 742 0
296 145 0
63 954 0
144 942 0
502 637 1
691 376 1
94 441 0
275 132 0
533 701 0
383 725 0
629 983 1
722 150 1
707 825 1
598 458 1
805 354 0
31 554 1
177 593 1
7 496 0
194 634 0
157 338 0
915 371 0
771 979 0
929 231 1
458 989 1
840 96 0
755 863 0
988 285 1
108 70 0
694 508 1
121 284 1
549 641 1
82 738 0
533 405 0
6 935 1
468 6 0
655 609 0
337 210 0
779 393 1
914 411 0
899 967 0
800 873 0
816 77 0
456 985 0
635 52 1
617 269 0
754 16 0
658 382 1
139 974 1
616 468 0
788 461 0
878 40 0
374 548 0
394 662 1
711 961 1
93 692 0
29 502 1
732 245 0
700 982 0
36 352 0
17 692 1
16 822 1
68 324 0
80 163 1
461 768 0
630 868 1
549 403 0
273 799 0
17 296 1
523 46 1
709 906 1
644 28 0
522 777 0
22 751 1
710 992 1
463 495 1
945 882 1
460 570 0
380 437 0
486 670 0
256 978 0
352 198 0
401 428 0
274 861 1
794 740 0
213 875 1
885 493 0
151 433 1
981 293 0
486 411 0
212 460 0
77 411 0
268 168 1
996 68 1
211 674 1
226 760 1
519 301 0
777 675 0
920 569 1
678 727 0
566 744 0
487 177 1
556 38 0
398 825 0
867 65 1
967 381 1
343 728 1
255 754 0
90 139 0
535 999 0
141 730 0
762 98 0
304 836 1
123 126 1
551 347 1
299 558 1
449 928 1
449 180 0
366 443 1
564 458 1
813 275 1
671 985 0
97 656 0
351 460 0
161 568 1
388 295 1
577 509 1
44 877 1
305 336 0
1 704 1
751 760 1
715 267 1
219 703 1
740 786 0
450 815 0
66 210 0
627 695 1
487 656 1
307 710 1
633 973 1
669 365 0
720 987 0
936 223 1
881 695 1
502 539 0
886 262 1
444 17 1
144 60 1
848 980 1
447 916 1
896 629 0
915 157 0
810 70 0
315 804 0
179 581 0
559 30 0
752 515 1
489 379 1
994 800 0
595 282 0
745 306 0
857 269 0
762 972 1
286 515 1
788 315 1
387 464 0
745 102 1
771 763 1
996 249 0
251 790 0
10 520 0
144 403 1
945 579 0
577 388 0
604 922 1
529 502 1
396 636 0
734 275 1
248 79 1
898 661 1
515 507 1
15 665 0
496 837 0
194 404 0
277 313 0
997 512 0
129 11 0
757 574 0
940 920 1
219 534 1
493 180 1
317 824 0
518 559 1
228 519 1
908 508 0
805 791 0
886 686 0
531 709 1
262 324 1
842 537 1
412 381 0
629 17 0
291 290 0
588 279 1
375 990 1
956 626 0
165 552 0
307 401 0
410 729 1
633 844 0
104 699 1
319 742 1
759 718 0
237 254 0
172 969 0
553 252 1
35 726 1
845 611 0
362 74 1
845 152 1
878 351 0
928 935 0
568 208 0
773 289 1
748 605 1
303 169 1
111 381 0
141 838 1
619 477 0
827 665 0
338 434 1
236 84 0
671 848 1
915 946 1
792 116 1
75 650 0
529 223 0
882 236 0
897 49 0
340 874 0
478 333 1
126 400 1
907 991 1
610 142 1
702 682 1
237 940 1
938 232 1
423 357 1
604 694 0
784 674 1
924 729 1
988 393 1
237 795 1
508 725 1
588 895 1
102 234 0
643 970 0
878 648 0
423 360 1
200 440 1
37 894 0
223 207 1
146 957 0
199 31 1
483 436 1
409 339 0
46 929 1
72 78 1
23 287 1
993 502 0
274 448 1
780 520 0
298 740 0
355 459 0
18 242 0
669 408 1
159 890 1
652 992 1
629 987 0
860 832 1
123 937 1
470 759 1
314 205 1
674 680 0
613 844 0
640 621 0
650 997 0
416 443 1
6 484 1
413 358 1
78 104 1
668 717 1
872 690 0
68 31 0
70 837 1
978 523 0
928 719 1
928 69 0
395 125 0
127 458 0
299 118 1
419 972 1
739 202 1
69 368 1
481 256 1
720 881 0
52 429 0
476 718 0
356 152 0
759 495 0
698 946 1
346 210 1
239 328 1
981 593 1
475 99 1
704 472 1
274 394 1
620 675 0
671 221 0
305 373 0
197 730 0
853 779 1
925 398 1
56 299 0
567 150 0
828 112 1
56 156 0
660 876 1
563 762 1
361 744 0
746 407 1
431 307 1
262 13 1
73 43 0
306 995 0
279 987 1
547 384 1
74 447 0
733 263 0
311 213 0
510 183 1
690 816 1
630 346 1
153 753 1
981 934 0
325 417 1
627 931 0
261 218 1
1 811 1
303 321 0
302 434 0
846 262 0
620 569 1
365 903 0
194 761 0
994 762 1
9 466 1
981 852 1
450 873 0
777 184 0
896 107 1
174 189 1
778 707 1
863 462 0
909 922 1
690 641 0
962 871 0
925 66 1
299 128 1
102 707 0
549 305 1
864 80 0
258 628 0
906 537 1
476 724 1
609 446 1
33 754 0
617 151 0
855 239 1
816 212 0
612 836 0
347 525 1
847 110 0
257 462 1
406 305 0
290 991 0
459 343 0
159 293 0
462 631 0
389 433 0
950 105 0
674 974 0
273 403 0
336 122 0
748 87 0
818 299 1
719 806 0
212 422 1
720 222 0
635 896 0
981 758 1
391 979 0
571 109 1
882 319 1
239 34 1
448 931 0
595 798 0
642 982 0
984 227 0
916 329 0
904 919 0
68 537 1
870 326 0
630 503 1
819 886 1
121 926 1
323 451 1
78 944 1
604 629 0
939 481 1
413 236 0
341 85 0
482 477 1
207 678 1
460 580 1
974 900 0
747 198 1
686 584 0
853 579 0
73 735 0
952 980 0
76 476 1
555 42 0
4 274 1
419 475 1
162 837 1
393 830 1
951 980 0
277 954 0
453 963 0
316 914 0
360 777 1
80 13 1
473 376 0
29 824 1
655 229 0
209 112 0
611 661 0
211 664 0
81 831 0
25 927 0
727 916 1
853 676 1
148 147 0
24 407 0
245 589 0
310 707 1
355 114 0
607 695 0
470 858 0
375 735 1
503 869 0
605 859 0
996 101 0
273 546 1
444 215 0
372 629 1
420 678 0
156 990 1
393 641 1
394 183 1
354 586 0
307 301 1
874 746 1
909 821 0
536 279 1
456 732 1
571 878 1
814 195 1
498 495 1
142 904 1
888 112 0
823 943 0
192 92 0
655 108 1
706 956 0
147 160 1
810 857 0
670 694 0
147 351 0
809 505 0
649 278 0
892 449 0
789 327 0
426 343 0
227 398 0
42 741 1
854 815 1
236 964 1
605 758 0
732 163 1
321 976 0
767 824 0
663 598 1
802 53 0
480 348 1
949 610 0
12 318 0
100 585 1
404 592 1
907 621 1
872 328 0
530 781 0
826 705 1
946 459 1
915 159 0
965 293 1
476 771 1
175 980 0
4 604 0
160 889 1
449 284 0
979 661 0
96 343 0
983 286 1
474 276 1
323 256 0
107 956 0
650 222 1
334 593 1
237 182 0
390 660 1
26 485 1
551 788 1
172 976 0
21 774 0
753 546 1
764 443 1
790 197 0
77 765 1
127 555 1
82 607 0
496 41 1
314 65 0
313 605 0
945 474 0
925 866 1
490 899 0
475 640 0
441 489 0
293 227 0
933 960 0
937 244 1
806 632 1
574 479 1
426 4 0
623 338 0
349 549 0
510 998 1
548 793 1
698 417 1
124 544 1
292 547 0
516 147 1
741 165 0
736 199 0
145 699 1
349 601 0
601 297 1
679 228 1
832 158 0
982 285 1
695 894 0
752 758 1
319 172 1
811 122 0
851 926 0
405 721 0
188 888 0
310 139 0
516 342 0
371 436 0
706 730 1
110 538 1
297 554 1
217 363 1
997 840 0
409 164 1
621 999 0
482 197 1
579 650 1
492 810 0
996 351 1
666 210 0
751 893 0
927 57 0
994 723 1
262 2 1
22 37 0
5 875 0
779 819 1
941 709 1
835 702 0
503 273 0
60 305 1
507 756 0
545 113 0
578 448 1
461 211 1
311 115 1
305 644 0
549 413 0
228 550 0
249 642 0
349 499 1
366 429 0
734 633 0
86 742 0
867 603 1
543 136 1
466 931 0
748 463 0
485 440 1
265 540 1
239 965 0
942 389 1
214 453 1
436 164 0
873 247 1
480 143 1
8 684 1
855 247 1
558 973 1
997 842 1
538 892 0
335 938 1
71 640 1
980 330 0
74 218 1
533 776 0
389 397 1
705 777 1
767 717 0
914 887 0
364 143 1
682 77 1
845 75 0
162 316 0
281 38 1
287 180 0
229 230 0
220 662 0
75 848 1
0 34 1
189 687 1
486 234 1
158 692 0
173 46 0
346 54 1
691 301 1
42 338 1
503 380 1
697 84 1
606 401 0
641 597 0
706 72 1
580 597 0
994 7 0
789 370 1
458 111 1
52 374 1
697 778 0
712 17 0
767 329 1
735 434 0
459 676 0
872 136 0
542 4 0
615 228 1
770 37 0
756 248 1
220 688 1
451 923 0
360 260 1
16 198 1
904 407 1
124 636 0
958 578 1
696 495 1
988 452 1
977 143 0
89 70 1
51 250 0
529 272 1
60 45 0
644 854 1
706 635 0
842 505 0
668 811 1
130 245 1
594 765 0
914 172 0
687 132 0
344 525 1
708 901 1
473 537 0
420 743 1
291 789 1
563 916 0
164 669 0
136 125 1
772 656 0
873 72 1
669 680 1
41 108 1
652 10 1
593 772 0
59 283 0
976 777 1
95 927 1
359 170 0
492 539 1
734 27 1
95 963 1
102 367 1
284 110 1
89 655 0
221 548 1
855 588 1
897 435 1
674 945 0
245 98 0
9 733 0
871 565 1
85 704 0
409 201 0
968 940 0
433 707 1
223 815 1
49 647 1
661 615 0
622 252 1
718 68 0
326 986 0
63 783 0
107 773 0
361 625 0
480 890 0
737 141 1
889 40 0
268 701 0
68 2 1
399 756 0
792 423 0
59 704 1
223 478 1
615 841 1
696 587 1
519 656 1
326 802 1
115 508 0
689 613 0
479 859 0
870 722 1
788 813 0
561 776 1
902 875 1
870 861 1
836 687 1
904 772 0
212 106 1
151 537 1
268 378 1
725 752 1
512 882 1
16 271 1
236 911 1
17 806 0
218 458 0
30 96 1
462 376 1
623 420 1
551 750 1
956 93 1
566 780 0
893 942 0
884 360 1
342 437 0
99 900 1
749 536 0
243 239 1
569 408 0
565 427 1
365 916 0
744 779 1
846 20 0
137 644 0
865 651 0
851 128 1
419 87 1
199 305 1
818 529 0
996 49 1
875 223 0
31 545 0
247 943 0
620 861 0
746 345 0
44 621 0
96 886 1
650 364 0
895 412 1
956 372 1
698 923 1
211 716 1
922 897 0
493 962 0
922 472 0
52 369 1
156 823 0
606 71 0
554 411 0
264 944 1
155 178 1
520 2 0
719 551 1
771 99 1
410 491 1
507 913 0
144 245 0
124 461 1
339 982 1
123 46 1
548 139 1
674 769 1
779 640 0
652 583 0
12 541 1
462 151 0
33 321 1
608 490 0
399 975 1
82 653 1
480 361 0
908 949 1
884 740 0
885 280 1
236 194 1
676 580 1
52 563 0
709 932 1
375 895 0
4 531 0
118 210 0
978 422 1
884 562 0
828 330 0
961 8 0
218 889 0
375 965 1
53 609 0
893 491 1
43 206 0
827 908 0
738 617 1
326 413 1
707 422 0
878 444 0
685 793 0
957 435 0
651 216 0
101 256 1
452 4 0
875 54 1
905 728 1
136 148 1
326 129 1
237 779 0
116 253 0
696 672 1
120 246 1
70 465 1
422 350 0
672 97 1
563 133 0
126 31 1
626 806 1
817 742 1
95 45 0
317 697 0
415 926 1
137 482 0
210 91 1
285 482 1
686 965 0
846 54 1
738 367 1
553 360 1
603 424 1
555 819 0
821 86 1
788 326 0
712 925 0
123 127 0
886 99 1
986 38 1
986 944 0
449 752 1
638 675 0
618 64 0
967 154 1
587 629 1
122 618 1
855 844 0
687 270 1
766 739 0
208 766 0
289 312 0
445 240 1
197 644 1
641 870 1
145 858 0
225 13 0
756 628 1
956 17 1
745 827 0
237 489 1
641 487 1
320 655 1
642 583 0
873 120 1
591 796 1
739 21 0
581 854 0
82 158 0
538 72 0
634 740 1
854 482 0
608 697 0
274 726 1
370 721 1
249 360 0
109 725 0
928 897 0
953 416 0
483 139 0
619 240 1
574 379 0
623 793 0
202 343 1
157 436 0
707 163 1
744 170 0
916 225 0
120 706 1
99 932 1
569 338 0
108 417 1
527 512 1
9 629 1
49 439 1
265 566 1
764 379 0
12 357 0
934 254 1
503 510 0
359 239 0
850 448 0
944 282 1
224 594 0
625 919 1
875 543 0
840 508 0
755 725 1
183 181 1
903 187 0
475 544 1
277 196 1
913 747 0
83 35 0
453 620 1
290 219 0
175 169 0
293 34 1
536 129 1
254 48 1
592 469 0
43 917 1
961 536 0
171 946 0
76 257 1
534 496 1
883 945 1
395 901 1
440 518 0
917 701 1
753 197 0
293 911 1
901 423 0
355 498 1
727 223 0
812 926 0
206 12 0
365 13 0
892 67 1
606 771 0
926 54 1
221 62 0
173 479 1
327 749 1
836 822 1
45 621 1
629 558 0
516 939 0
299 666 1
233 700 1
401 242 0
76 547 1
413 157 1
910 748 0
646 183 0
796 430 0
96 520 1
91 187 0
136 118 1
623 408 1
128 775 1
559 184 1
906 860 0
14 970 0
40 400 1
833 458 0
18 864 0
2 258 0
559 251 1
589 216 0
785 65 0
519 717 1
70 583 0
599 270 0
878 144 1
12 803 1
750 83 1
875 433 0
575 746 1
504 836 0
452 813 1
851 825 0
915 105 0
945 989 0
821 467 1
254 570 0
612 170 1
439 353 1
271 330 1
349 422 1
503 825 0
535 832 0
58 536 0
58 523 0
325 467 0
779 123 1
181 355 1
218 386 1
789 642 1
339 382 1
109 844 0
698 67 0
941 946 0
100 271 1
643 975 0
247 414 0
127 75 1
620 325 1
219 88 0
464 184 0
221 683 0
399 791 1
958 931 0
26 759 0
763 55 0
315 439 1
433 833 1
468 679 0
699 37 1
440 974 0
955 378 1
418 835 1
146 792 1
610 176 1
298 85 1
875 741 0
95 716 1
984 84 0
240 916 0
507 248 0
238 677 1
602 866 1
905 627 1
777 117 1
651 88 0
845 689 0
437 91 0
745 594 0
640 890 0
195 350 0
630 231 1
275 986 1
170 388 1
237 819 0
26 81 1
878 721 0
940 437 0
841 429 0
540 932 0
608 750 0
246 926 1
982 477 1
29 131 1
159 371 0
125 392 1
135 463 1
858 158 1
639 936 1
274 968 1
447 665 1
839 544 0
895 787 1
812 502 0
120 932 1
698 2 0
224 822 1
298 343 1
839 548 1
33 864 0
210 741 1
326 885 0
368 633 1
265 367 1
393 361 1
254 880 1
900 633 0
650 631 0
293 526 0
245 949 0
385 514 0
473 900 0
219 475 1
769 736 0
156 641 1
930 487 0
705 595 1
954 260 0
3 534 1
87 839 1
461 767 1
527 945 0
577 181 1
183 495 1
638 760 0
128 74 1
879 215 0
910 444 0
803 318 0
978 953 0
415 613 1
78 444 0
262 335 1
463 645 1
816 310 1
297 594 0
662 202 0
179 764 0
405 656 0
2 973 1
732 67 0
943 169 1
49 527 0
109 112 0
638 252 0
498 251 0
410 850 1
81 139 1
883 317 1
393 345 0
91 903 0
308 185 1
836 732 0
313 925 0
864 119 0
95 121 0
663 784 1
923 881 1
733 320 1
515 430 1
923 867 0
498 807 0
973 844 0
78 304 0
454 80 1
387 427 0
361 396 0
699 200 0
630 197 1
7 836 0
855 290 0
48 488 0
254 36 1
822 411 1
437 401 0
424 996 1
802 229 1
135 440 1
698 439 1
883 510 0
820 797 1
630 295 1
957 408 0
457 904 1
237 422 0
538 724 0
53 222 1
445 565 1
13 936 0
206 356 0
718 650 1
403 784 0
377 172 0
902 649 1
83 692 0
945 634 0
84 459 1
902 312 1
295 258 0
218 66 0
649 545 0
968 279 1
663 379 1
219 53 1
845 121 1
923 488 1
206 812 0
303 462 1
451 65 1
789 874 0
946 562 0
766 727 0
547 462 0
281 922 1
280 867 1
977 93 1
683 345 0
39 543 1
376 841 1
732 939 0
834 684 1
11 537 0
138 560 0
322 710 1
71 676 1
136 575 0
478 329 1
788 773 0
307 607 0
672 471 0
286 747 1
822 321 1
181 697 0
986 713 1
212 75 0
150 326 1
210 787 0
27 353 1
927 334 0
517 961 0
970 927 0
621 809 0
272 673 1
649 288 1
907 535 0
913 330 1
161 411 0
794 691 0
114 135 0
308 908 1
937 75 0
841 458 0
449 112 0
937 798 0
89 920 0
803 677 0
534 84 0
726 842 1
873 261 0
683 982 1
835 332 0
276 98 0
804 528 0
306 505 0
747 605 0
37 607 1
905 279 0
869 836 0
346 926 1
552 889 1
359 511 1
521 86 1
383 214 1
801 930 0
447 703 1
49 297 0
456 426 1
469 564 0
689 818 0
530 183 0
182 891 0
22 278 1
773 342 0
606 364 1
73 558 0
110 813 1
120 309 0
780 500 1
750 535 1
395 417 0
828 232 1
170 364 0
674 775 0
596 200 1
655 481 0
608 551 1
331 739 1
653 474 1
843 536 0
874 832 1
165 775 1
334 44 0
725 445 0
954 783 1
390 199 0
761 363 0
534 120 1
916 973 0
375 12 1
393 872 0
549 63 0
772 575 0
113 568 0
588 210 0
286 482 0
130 113 0
754 877 1
684 152 1
244 914 0
771 447 1
525 715 1
563 900 1
40 591 1
443 422 0
211 953 0
170 850 1
501 904 1
523 334 0
94 504 0
806 394 0
804 414 0
112 624 0
975 473 0
241 575 1
925 487 0
537 158 0
427 336 1
612 244 1
127 50 1
263 623 0
229 7 0
45 607 0
681 363 0
397 825 0
652 390 1
24 487 0
162 971 1
126 66 0
135 427 1
108 891 1
292 814 0
251 945 0
651 55 1
473 621 1
787 40 0
539 511 1
855 144 1
571 808 1
235 629 0
503 853 1
320 59 1
928 394 0
459 694 1
769 236 0
772 176 0
838 570 1
73 812 0
280 843 1
424 92 1
162 245 1
528 736 0
840 388 0
862 174 0
86 306 0
572 982 1
689 270 1
728 953 0
675 184 0
465 108 1
273 464 0
976 253 0
530 824 1
266 251 0
93 373 0
986 41 0
759 275 0
985 318 1
262 731 1
878 28 1
412 240 0
393 690 0
674 143 1
795 96 1
377 44 0
630 872 0
206 35 0
881 704 1
63 242 0
525 844 0
700 817 0
492 795 1
383 38 0
497 751 0
237 349 0
75 788 0
492 96 1
501 899 0
267 47 0
424 281 1
205 281 1
302 735 0
401 631 0
369 967 0
252 55 1
938 234 0
546 257 0
918 851 1
549 690 0
708 438 0
155 338 0
410 526 1
735 472 0
364 298 0
592 306 0
999 906 0
648 129 0
850 827 1
850 663 1
983 864 0
707 389 1
379 13 0
406 464 1
448 685 0
918 703 1
920 678 1
128 246 1
355 842 0
843 732 0
572 597 1
941 250 1
403 727 1
715 276 1
144 501 0
434 770 0
11 695 1
166 469 0
876 628 0
91 47 0
380 858 1
515 995 1
844 186 1
378 537 1
923 280 0
148 220 0
581 585 1
839 608 0
126 415 1
564 691 0
905 401 0
710 328 1
274 490 0
701 991 0
891 631 0
483 159 1
549 601 1
304 146 0
221 547 1
229 80 1
583 815 0
79 81 0
256 589 0
821 439 0
120 118 0
393 990 1
954 610 1
360 704 1
614 700 0
1 396 1
721 607 0
428 938 1
874 33 0
96 828 0
515 173 1
955 482 1
956 342 1
764 657 1
918 220 0
503 488 1
658 188 1
126 543 1
518 974 1
79 47 0
819 480 0
953 35 0
328 898 1
652 193 1
744 310 0
262 222 1
797 325 1
81 644 0
174 810 1
646 463 0
553 429 0
585 982 0
82 917 1
714 437 1
371 950 0
46 149 0
892 235 1
415 519 0
695 717 0
605 983 1
843 314 0
501 788 1
449 748 1
806 372 1
738 938 0
541 354 0
228 34 0
800 875 0
132 242 0
236 989 0
786 513 1
544 542 1
494 229 0
963 709 1
270 868 0
162 405 1
51 557 0
904 345 0
988 504 1
384 411 0
804 951 1
322 311 1
292 138 0
466 204 0
450 126 0
281 195 1
951 304 1
275 131 1
511 356 0
585 752 1
719 273 0
488 334 1
12 111 0
555 756 0
281 820 1
577 23 0
520 674 1
557 611 0
471 442 0
880 169 1
588 419 1
446 945 1
647 281 1
312 591 0
44 352 0
581 271 0
773 578 1
83 645 0
766 811 1
82 66 1
582 267 1
358 805 1
9 484 1
902 289 1
977 569 0
166 554 0
252 137 0
484 856 1
512 473 0
946 248 0
950 567 0
451 325 1
693 316 1
821 451 1
766 297 1
759 354 1
624 824 1
419 420 0
515 330 0
963 705 1
680 583 1
696 102 1
369 47 0
558 580 0
855 120 1
285 88 0
534 218 1
845 226 1
351 565 0
689 570 1
302 350 1
218 213 1
594 987 1
236 262 1
667 401 0
0 256 1
320 322 1
564 367 0
855 789 1
176 842 0
954 549 1
63 165 1
566 641 0
218 54 1
216 45 0
885 339 0
24 575 0
371 177 1
534 288 1
387 716 0
288 593 0
279 35 0
690 899 0
220 218 1
145 958 0
799 150 1
616 617 1
785 821 0
392 833 1
340 660 0
292 243 1
899 506 0
554 282 1
926 80 0
369 372 0
838 579 1
725 936 0
162 920 1
850 319 1
724 576 0
140 908 1
157 409 0
612 589 0
378 158 0
7 344 0
802 655 0
30 694 1
853 349 1
202 794 1
130 633 1
314 417 1
364 293 0
587 502 0
580 119 0
472 700 0
764 622 0
587 342 1
161 220 1
633 91 0
895 540 0
623 612 0
327 654 1
829 340 0
983 515 0
121 876 0
77 852 0
744 326 0
60 968 1
869 374 0
3 740 0
390 10 0
468 686 1
204 291 1
48 19 0
55 133 0
481 678 1
778 856 0
922 195 0
163 727 1
362 591 0
963 388 0
491 163 1
436 650 0
343 448 1
892 717 1
782 669 0
954 846 0
67 443 0
384 496 0
603 314 1
667 158 0
371 997 0
773 17 1
490 190 1
666 147 1
799 402 1
801 153 1
692 535 1
565 260 1
819 831 1
205 195 0
598 973 1
410 122 1
984 152 0
646 917 0
412 206 0
859 597 0
886 474 0
56 477 0
321 515 0
815 347 1
989 639 1
647 521 1
968 311 0
540 953 1
878 279 1
607 717 0
309 379 1
676 716 0
414 316 0
879 721 0
68 582 1
565 97 0
318 763 1
935 425 0
123 32 1
517 820 1
556 669 1
814 574 1
452 156 0
807 493 0
584 410 1
300 488 0
64 474 1
338 496 0
602 529 0
692 860 1
860 366 1
708 742 1
352 407 0
580 334 0
813 909 0
854 574 0
361 608 0
707 524 1
314 718 1
807 163 1
395 614 1
72 752 0
75 792 0
451 888 0
110 956 0
932 514 0
141 115 0
402 997 0
415 927 0
795 903 1
452 757 0
970 350 1
356 216 1
619 972 1
786 519 0
704 638 0
82 263 0
772 683 0
52 717 0
896 372 0
994 332 1
987 425 0
665 27 1
680 973 0
248 887 1
829 269 0
419 733 0
809 999 0
53 80 1
880 47 0
51 348 0
270 805 0
779 236 0
741 126 0
75 66 0
16 758 0
801 683 0
293 654 0
690 359 1
495 963 1
574 900 0
428 770 1
249 802 0
138 974 1
769 771 0
873 176 0
62 371 1
694 914 0
248 55 0
934 123 1
103 208 0
615 631 0
878 556 0
22 197 1
120 989 1
451 882 0
823 399 1
62 0 0
876 373 1
245 445 1
480 747 1
602 437 1
554 793 1
587 123 0
817 306 0
493 678 0
883 479 0
610 173 0
74 167 1
457 978 0
285 477 1
539 750 1
744 925 1
608 16 0
872 137 0
779 947 0
222 727 1
34 524 0
417 978 0
249 867 1
778 674 0
635 532 1
696 36 0
671 310 0
807 508 1
443 906 0
936 633 0
882 680 1
496 307 0
744 798 1
726 350 1
190 215 1
767 711 0
418 6 1
398 11 0
260 139 1
82 283 1
350 531 1
552 844 1
958 266 0
849 640 0
612 810 1
436 915 0
917 60 1
106 885 1
244 173 1
150 482 0
205 996 1
943 54 0
417 932 1
813 635 0
966 999 0
821 783 1
408 162 0
47 563 1
76 315 1
588 60 1
415 787 1
442 565 1
38 384 1
974 982 1
747 190 1
702 586 0
110 949 1
570 16 0
458 613 1
333 225 1
187 276 0
567 971 1
90 138 0
712 663 1
395 960 1
745 404 1
847 294 0
930 625 1
486 736 1
631 250 0
68 833 1
571 650 1
22 113 1
189 242 0
77 229 1
29 289 1
725 98 0
348 627 0
623 41 1
963 2 1
804 785 1
395 405 0
638 360 0
242 781 1
400 147 0
923 325 1
414 319 0
22 362 0
36 345 0
60 417 1
587 214 1
430 13 0
785 528 0
764 607 1
57 524 0
382 737 1
260 336 1
419 450 1
281 101 0
544 362 1
702 926 1
899 80 0
626 885 0
75 412 1
748 394 0
776 505 1
322 51 0
208 751 0
334 952 0
147 970 0
671 629 1
284 906 1
303 68 0
599 598 1
166 513 0
686 685 0
463 949 1
587 375 0
868 300 0
420 663 0
733 42 0
928 17 1
505 158 0
186 989 0
957 192 0
389 731 0
683 904 0
494 669 0
879 536 1
712 329 0
740 685 1
789 739 1
700 985 1
531 514 1
903 133 1
738 175 0
480 352 0
582 269 1
420 761 0
76 645 1
93 505 0
947 263 0
382 693 0
520 781 1
82 703 1
619 307 0
5 220 0
74 601 1
891 984 1
155 612 0
700 86 1
849 460 1
167 925 1
489 724 1
638 959 0
569 583 1
470 860 0
511 342 0
606 480 0
222 695 1
884 794 1
212 265 0
516 375 1
910 148 1
13 900 1
497 447 0
424 435 1
768 604 1
945 112 0
853 121 1
89 609 0
313 293 0
527 887 0
185 998 1
500 16 0
419 994 1
166 259 1
992 422 1
201 471 1
154 629 0
73 322 0
663 969 0
518 296 1
156 555 0
951 882 1
848 929 1
194 166 0
467 797 0
951 857 0
501 967 1
249 680 1
468 987 1
400 486 1
863 365 1
682 362 0
659 110 0
932 378 1
274 271 1
587 606 1
907 378 1
332 69 0
185 968 0
203 49 0
68 583 1
892 181 0
7 68 0
250 710 0
5 102 0
873 291 0
777 373 0
533 495 0
357 117 1
557 428 0
504 384 0
97 871 0
10 143 0
962 756 0
686 366 0
290 55 0
835 155 0
821 241 0
311 230 0
344 338 0
951 670 0
340 256 0
896 682 0
783 675 1
404 933 1
529 726 1
504 807 1
715 639 0
303 905 1
657 717 0
321 179 1
163 478 0
151 576 1
193 143 1
537 809 0
221 950 0
208 589 1
810 525 1
162 879 1
648 791 0
243 431 0
454 260 0
963 354 0
502 522 0
662 415 1
62 249 1
3 556 1
505 695 1
368 972 0
388 228 0
435 205 0
572 20 0
687 660 1
456 565 1
653 223 1
6 682 0
322 940 1
811 522 0
979 738 1
666 601 0
989 474 1
384 348 1
820 836 1
272 82 1
392 478 0
820 953 0
211 850 1
344 862 0
935 999 0
612 257 1
641 621 1
807 245 0
565 640 0
85 592 0
719 62 0
257 547 0
533 498 0
516 900 0
40 601 1
967 413 0
607 832 0
463 55 0
546 618 0
872 779 0
439 21 0
268 260 0
498 574 1
445 405 1
723 226 1
884 370 1
55 139 1
358 157 1
237 20 1
239 624 1
11 381 0
25 142 1
178 216 1
50 20 0
488 676 1
815 430 1
8 257 0
707 912 1
261 285 0
436 494 1
56 877 1
996 512 0
501 523 1
556 944 1
311 375 0
882 827 1
274 506 0
202 766 0
696 963 1
161 400 1
353 226 1
265 196 1
6 289 1
759 135 0
403 391 1
566 569 0
697 596 0
754 752 1
311 764 0
994 356 1
689 779 0
949 732 1
206 715 1
274 967 1
552 633 1
737 669 1
142 523 1
452 277 1
711 536 1
794 47 0
737 242 0
511 162 0
823 612 0
810 655 0
524 691 0
874 593 1
146 720 1
55 482 0
805 318 0
420 854 1
390 860 0
286 900 0
852 895 1
97 676 1
404 522 1
556 17 0
697 498 1
53 971 1
76 49 1
194 736 1
287 834 1
142 648 1
647 820 0
728 879 0
591 160 0
344 269 0
911 667 0
277 575 0
443 586 1
107 467 1
446 405 0
393 550 1
724 804 1
826 224 1
587 555 0
299 415 1
561 533 0
835 800 1
116 482 1
628 743 1
604 73 0
863 22 0
621 366 1
846 254 1
659 896 1
518 191 1
245 653 1
449 78 0
861 797 1
914 190 0
545 634 1
746 514 1
804 12 0
82 34 0
153 436 0
532 725 0
654 433 0
793 732 1
171 713 1
622 231 1
837 19 1
757 190 0
286 190 0
237 549 0
890 716 1
401 809 0
845 578 1
606 845 1
634 84 1
159 814 0
97 772 0
173 224 1
296 651 0
996 698 1
357 88 0
188 62 1
104 958 1
160 166 0
778 771 0
968 662 0
161 471 0
287 298 1
814 445 1
921 577 1
57 999 1
869 164 1
823 566 1
919 871 0
652 96 1
224 373 1
719 875 0
88 379 1
204 235 1
637 770 0
657 931 1
660 949 1
52 506 1
102 731 1
637 903 0
180 294 0
616 70 0
170 222 1
399 155 1
275 505 1
273 383 0
396 487 0
811 798 0
273 493 1
912 234 1
566 963 1
190 822 1
257 810 1
508 180 1
907 109 0
983 563 1
96 364 0
421 750 1
663 45 0
235 608 1
714 20 0
152 428 0
781 879 1
47 900 0
405 223 1
711 7 0
806 444 1
948 796 1
510 211 1
100 46 0
676 129 1
311 11 0
448 728 1
553 700 0
655 619 1
883 529 0
974 644 0
176 523 1
439 996 0
106 94 1
959 522 1
454 28 0
115 623 0
767 366 0
310 88 1
997 582 0
323 603 0
121 63 1
571 834 1
995 668 0
185 624 1
584 303 0
520 341 0
510 137 0
391 348 0
55 20 1
13 333 1
596 180 1
6 615 0
438 607 1
66 662 1
639 276 1
43 993 0
390 222 1
332 615 1
867 45 1
703 822 0
799 409 0
172 330 1
625 97 0
590 114 1
801 70 0
956 514 0
779 305 0
950 483 0
213 543 0
631 421 1
665 794 1
277 470 1
384 838 0
781 163 1
693 215 0
26 664 0
716 763 1
299 103 0
718 420 0
213 208 0
552 565 1
84 832 0
30 518 0
967 773 1
7 802 0
848 529 0
666 351 1
151 293 1
90 479 1
679 421 1
571 132 0
215 330 0
901 443 1
447 305 0
277 355 1
444 538 1
835 425 1
846 696 0
820 920 1
807 471 1
850 840 0
8 672 1
52 662 0
509 183 0
370 811 0
185 770 1
277 244 0
399 310 0
848 94 0
392 425 1
301 598 0
71 24 0
539 505 0
837 862 1
578 818 1
721 576 1
4 213 0
631 350 0
786 893 1
216 935 1
818 64 0
419 484 1
25 458 0
957 325 1
346 140 0
803 88 0
324 880 0
757 100 1
29 405 1
622 830 0
657 45 1
164 724 0
895 316 1
804 467 1
875 337 1
948 331 1
851 57 1
219 918 1
988 423 0
494 344 1
43 502 1
264 578 0
569 344 1
231 953 0
854 225 1
263 521 0
876 762 1
646 982 1
78 914 0
373 360 1
824 474 0
861 323 0
277 408 1
516 737 1
35 158 0
904 58 0
949 377 1
998 286 1
102 980 1
585 173 0
410 964 1
393 72 0
542 87 0
434 132 1
930 44 1
674 771 1
918 933 1
26 776 1
228 898 1
767 235 1
581 190 0
669 585 0
350 514 1
59 185 0
863 484 1
737 710 0
283 73 1
127 943 0
361 868 0
622 217 0
994 191 1
155 857 1
915 150 0
908 746 1
619 336 0
332 418 1
159 650 0
736 766 1
408 986 0
298 665 1
426 536 1
219 584 1
34 965 0
465 775 0
309 395 1
458 267 1
926 796 1
192 439 0
496 155 0
243 548 1
410 691 1
652 170 1
971 61 1
773 411 0
382 316 1
295 983 0
242 856 0
962 593 1
522 197 0
209 802 1
317 646 1
425 83 1
428 667 0
793 660 0
624 493 1
264 860 1
513 966 0
732 828 1
418 291 0
43 412 1
112 772 1
736 130 0
494 838 0
178 448 1
189 984 0
1 867 1
146 620 1
334 676 1
759 561 1
549 499 0
394 914 0
410 403 0
681 594 1
144 795 1
234 841 1
573 377 1
266 714 0
312 875 0
143 627 1
534 595 1
338 2 0
765 86 1
469 524 1
22 702 1
52 861 1
739 445 0
301 841 0
739 781 1
802 782 1
305 842 1
280 512 1
636 479 0
552 625 1
272 64 0
923 660 1
88 464 0
672 885 0
907 898 0
34 242 0
141 38 0
419 366 0
524 25 0
981 591 1
120 615 0
172 515 0
828 576 0
408 248 0
654 833 1
649 414 1
200 191 1
702 592 1
573 711 1
963 390 1
330 758 1
745 113 0
903 673 1
805 625 1
699 26 1
679 781 1
436 8 0
906 931 1
481 728 1
312 168 0
683 319 0
390 335 1
744 218 0
15 731 0
347 775 0
746 90 1
823 999 0
881 236 1
427 574 1
974 618 0
518 699 1
790 958 0
517 722 0
728 240 1
109 42 0
493 824 0
549 60 0
851 875 0
1 820 0
783 92 1
327 531 0
552 246 0
356 990 0
845 901 0
84 998 0
718 398 1
625 904 1
752 507 0
553 238 0
414 793 0
674 327 0
968 232 0
421 307 1
103 246 1
202 297 1
913 757 0
338 920 0
11 906 0
737 224 0
975 300 1
73 602 0
382 679 1
310 161 1
401 526 1
623 193 1
514 443 1
918 891 0
432 356 1
77 810 1
413 138 1
897 350 1
123 57 1
361 452 1
202 395 1
161 352 1
96 963 1
701 5 0
555 155 1
170 599 0
367 524 1
114 77 1
475 706 0
81 336 1
417 177 1
204 456 0
923 612 1
344 669 1
501 863 1
514 45 1
127 265 0
955 858 0
279 717 0
795 627 1
752 705 1
369 284 0
39 639 1
210 851 0
829 684 0
647 594 0
19 236 1
729 79 1
383 384 0
332 223 0
537 191 0
102 201 0
658 569 0
474 639 0
154 78 1
489 462 1
746 334 1
3 466 0
981 822 0
305 521 1
352 471 1
675 406 1
941 807 1
508 35 1
823 310 1
865 539 0
221 164 0
777 35 0
604 682 0
61 70 1
323 680 0
647 821 0
889 74 1
114 509 0
649 900 1
964 454 1
66 213 0
356 968 1
485 776 0
704 357 1
609 294 1
25 354 0
461 967 1
882 652 0
527 410 0
855 952 0
785 476 0
536 97 1
711 580 0
762 368 0
188 377 0
981 689 1
634 331 0
581 864 1
506 879 1
354 378 1
684 557 1
816 273 1
722 371 0
630 361 0
969 116 0
786 884 1
318 55 1
169 397 1
603 820 1
561 322 0
275 185 0
759 181 1
780 61 1
866 639 1
578 617 0
370 765 0
476 460 0
682 813 0
291 228 0
837 420 1
436 48 1
106 453 1
384 89 1
649 755 0
767 415 0
525 678 0
256 949 0
967 235 1
551 72 1
159 44 1
308 559 1
9 236 1
605 636 0
665 807 1
585 149 1
412 342 1
73 991 0
616 426 1
801 414 1
724 923 0
703 762 1
460 962 1
218 312 0
890 50 0
858 651 1
110 48 1
527 205 1
53 758 0
641 218 1
892 773 0
977 820 1
31 64 0
408 257 0
213 715 0
26 921 0
711 403 1
537 422 1
757 98 0
666 126 0
652 890 0
676 565 0
719 124 1
279 750 0
466 789 1
233 594 1
107 52 1
515 240 1
361 784 0
816 979 0
465 802 1
811 363 0
154 394 0
963 579 1
722 572 1
428 455 1
608 516 1
356 860 1
952 628 0
308 651 1
499 657 1
474 673 0
273 869 1
505 932 0
892 78 0
910 72 1
4 949 1
993 239 1
614 353 0
2 766 1
105 523 0
689 399 1
169 903 0
786 731 1
882 639 0
585 983 0
397 656 1
321 628 0
766 528 1
635 928 1
812 384 0
962 44 1
500 864 0
679 34 1
469 953 0
267 368 0
934 622 1
863 818 0
931 607 1
660 515 0
313 814 0
387 88 1
62 801 1
666 471 1
555 313 1
949 207 0
693 611 1
212 414 1
149 244 0
438 226 0
661 459 1
643 125 1
810 236 0
467 660 1
690 976 1
915 679 1
862 547 0
835 3 0
696 722 1
587 379 1
688 599 0
59 733 1
160 5 0
833 301 0
199 368 0
10 771 1
597 985 0
547 162 0
655 465 0
869 716 1
65 93 1
941 340 0
743 887 1
706 461 1
260 285 1
326 193 0
820 951 0
417 621 1
380 985 1
341 708 1
195 422 1
545 995 0
261 702 1
178 64 0
411 815 1
574 207 1
839 768 0
847 491 0
690 663 0
74 213 1
147 497 0
66 568 0
87 585 0
670 125 0
125 473 0
871 756 1
439 344 1
296 535 0
201 805 0
238 411 1
301 98 0
304 281 0
284 542 0
738 557 0
871 607 1
195 447 0
827 774 1
540 906 0
154 633 0
421 938 0
805 593 0
219 932 1
645 429 0
126 40 0
468 262 0
595 763 1
385 717 1
524 270 0
539 946 0
731 227 0
24 442 0
846 131 1
112 874 1
393 683 1
991 812 0
602 987 0
673 972 0
269 932 0
310 696 1
706 647 1
788 304 1
441 961 0
642 285 0
223 365 1
713 377 1
850 979 0
264 82 1
339 316 0
219 732 0
593 471 0
514 11 1
629 493 0
937 608 0
225 365 0
587 452 0
38 80 1
413 58 1
764 305 1
172 756 1
532 73 1
400 74 0
442 396 1
155 141 0
959 252 0
462 398 1
338 405 0
378 894 1
894 350 1
546 155 0
496 10 0
324 392 1
221 869 0
19 900 1
985 482 0
118 925 1
826 13 0
318 184 1
450 789 0
266 446 0
399 641 0
278 307 1
661 434 0
951 425 1
588 615 1
554 199 0
994 755 0
363 553 0
355 653 0
468 346 1
193 642 1
902 712 0
916 91 1
621 191 0
767 17 0
986 64 1
279 354 1
68 364 1
691 526 0
320 343 1
885 328 1
966 691 1
882 139 0
948 554 1
247 732 0
364 25 1
274 78 1
155 38 1
792 704 0
404 678 0
899 4 0
561 454 0
449 525 1
6 343 0
419 528 1
845 791 0
721 216 0
484 351 0
280 805 1
382 153 0
939 585 0
747 758 1
729 347 0
637 414 0
602 917 1
680 222 1
772 610 0
617 611 0
860 932 1
284 728 0
965 709 0
167 300 1
457 871 0
178 636 0
264 66 1
40 526 1
503 250 1
929 750 1
48 214 0
217 11 0
160 165 1
291 723 1
379 762 1
768 52 0
885 316 1
904 978 1
828 97 0
325 527 1
993 991 0
640 983 0
761 972 0
858 596 0
74 666 1
819 737 1
750 378 0
58 593 1
631 189 0
438 614 0
826 507 1
359 819 0
223 730 1
697 482 0
732 694 1
116 798 1
882 572 0
56 217 0
0 979 0
890 454 0
917 416 0
390 771 0
670 395 0
44 575 1
154 362 0
650 335 1
857 653 1
97 610 0
823 758 0
465 344 0
834 998 0
825 300 0
779 326 0
778 138 1
314 897 0
456 583 1
435 536 1
928 605 1
315 280 0
310 757 1
312 136 0
689 441 0
20 854 0
538 558 0
653 445 1
706 246 1
168 404 0
748 323 0
54 741 1
0 250 1
272 812 0
492 334 1
185 437 0
923 704 1
444 372 0
233 704 1
955 355 1
819 757 1
981 744 1
5 688 1
585 704 0
553 499 0
60 256 1
673 973 1
303 718 0
833 223 1
87 537 1
288 702 0
722 667 0
542 839 0
698 158 0
546 661 0
524 531 0
94 623 0
68 259 1
278 893 0
955 882 1
644 859 0
356 437 0
232 417 0
713 187 0
686 354 1
484 534 1
91 80 1
692 381 1
27 513 1
342 37 1
899 441 1
945 903 0
893 946 1
872 12 1
58 876 0
480 597 0
385 177 0
730 973 0
8 153 1
649 734 0
689 206 1
790 660 1
445 632 1
266 463 0
943 147 0
968 726 0
409 814 1
382 810 1
167 528 0
889 207 0
296 303 0
690 413 0
909 113 1
38 569 0
490 525 0
840 642 0
188 467 1
309 798 0
221 71 0
256 67 0
274 828 1
771 28 0
685 46 0
410 520 0
232 575 1
880 433 1
182 147 0
878 372 0
660 508 1
283 818 1
428 687 1
613 169 0
121 132 0
317 181 0
940 723 0
586 931 0
659 928 0
734 534 1
994 902 1
454 318 1
849 749 1
796 39 1
12 959 0
945 913 1
392 691 1
124 892 1
693 408 1
315 316 0
744 778 1
72 804 1
767 294 1
122 138 0
532 645 1
449 444 0
117 765 1
791 285 0
364 390 0
848 286 1
206 375 1
492 688 1
616 391 0
289 194 0
834 0 0
646 470 0
786 57 0
331 130 1
940 493 0
594 729 0
906 695 1
1 65 0
714 30 0
484 27 0
301 880 1
813 246 0
757 173 0
920 623 0
283 687 0
847 179 0
484 238 0
611 607 0
549 40 1
786 887 0
0 617 0
816 823 1
194 670 0
999 695 1
915 390 0
761 825 0
421 348 1
432 968 1
563 223 1
577 955 0
651 145 1
296 403 0
286 100 1
128 900 0
589 952 1
121 237 1
816 693 0
4 748 1
782 46 1
332 678 0
354 987 0
394 411 0
114 26 0
177 442 0
448 713 0
115 84 1
128 289 0
62 101 0
278 29 0
231 995 0
374 617 1
947 423 1
581 248 0
840 193 0
104 171 0
878 450 0
309 534 1
813 107 0
21 297 1
417 84 1
906 366 1
326 222 1
409 94 1
376 158 1
119 197 0
59 529 1
886 882 1
130 370 1
230 61 1
120 800 0
474 69 0
372 582 1
415 136 0
983 742 0
363 226 0
819 384 0
103 925 1
809 541 1
343 703 0
770 307 0
141 230 0
447 341 0
27 194 0
928 926 0
839 861 1
267 491 0
587 912 0
209 808 0
831 859 1
728 793 0
890 20 0
698 364 1
676 874 1
490 903 0
332 786 0
355 646 1
611 684 0
801 106 1
787 240 0
167 161 1
485 216 0
765 742 0
869 676 0
630 477 0
358 459 0
229 979 1
495 232 0
778 410 1
485 429 0
224 983 1
499 783 0
612 655 0
22 886 0
267 563 0
172 887 0
875 66 1
74 80 0
254 321 0
527 897 1
607 416 1
711 658 1
374 214 0
619 831 0
472 285 1
167 545 0
384 920 1
906 541 0
897 640 1
23 999 1
261 755 0
170 239 0
52 485 0
697 651 1
748 372 1
461 950 0
318 890 1
22 684 0
886 134 1
507 864 1
720 670 1
195 315 1
614 260 1
368 225 1
327 19 1
295 16 0
823 348 0
708 514 0
236 445 1
42 818 0
185 782 1
806 685 1
34 458 0
418 247 1
55 854 0
579 11 1
781 481 0
133 13 0
164 459 1
492 855 1
480 765 1
534 343 0
701 131 0
32 860 0
249 882 0
492 261 1
480 627 1
736 817 1
988 218 1
496 257 1
112 354 1
885 720 0
109 534 1
301 607 1
688 213 1
224 223 1
838 269 1
901 252 0
694 624 1
60 807 1
878 702 0
714 380 1
899 551 1
588 692 1
220 163 0
107 235 1
715 98 1
666 400 0
418 431 1
629 171 1
107 608 1
440 455 0
280 861 1
543 749 1
825 643 1
487 805 1
883 266 0
452 453 0
308 718 0
92 607 0
897 45 0
3 331 1
221 436 0
865 518 1
201 191 1
386 613 0
516 947 0
269 365 1
660 908 0
600 599 0
275 264 0
262 562 0
63 191 0
769 762 1
937 831 1
652 410 1
224 33 0
114 790 1
845 162 0
528 458 0
419 276 0
2 64 0
297 12 1
689 393 0
723 807 0
641 421 0
984 32 0
618 924 1
902 832 0
555 566 1
981 338 1
886 19 0
882 152 1
845 544 0
363 12 0
527 703 1
73 320 1
61 155 0
858 335 1
99 222 1
485 590 1
590 709 0
850 795 1
374 420 0
297 404 1
634 389 1
561 440 1
718 388 0
428 965 0
827 521 0
780 209 1
487 197 0
743 33 0
517 106 0
2 245 1
156 147 0
368 240 0
984 599 0
666 289 0
547 837 1
768 925 0
737 41 0
597 560 0
471 978 0
200 771 1
26 697 1
121 176 1
828 725 0
289 469 1
258 976 1
452 970 0
413 915 0
371 807 0
583 687 1
126 47 1
488 407 0
467 315 0
68 387 1
431 293 0
858 982 0
323 38 0
315 446 1
243 170 1
610 962 1
388 932 1
878 863 0
698 843 1
734 456 1
766 25 1
176 71 0
450 855 1
413 711 1
121 690 0
18 635 0
460 100 1
503 221 0
938 661 0
303 941 1
55 90 1
287 295 1
321 877 1
965 191 0
490 506 1
710 550 1
918 456 1
163 223 0
835 274 0
575 471 1
140 884 1
981 921 0
112 58 0
93 897 1
362 404 1
489 546 1
780 338 1
571 584 1
496 494 1
816 641 0
744 56 1
337 741 1
688 167 0
629 551 1
257 705 0
165 199 1
675 929 0
380 82 1
222 269 0
605 197 0
226 373 0
819 872 1
171 559 1
982 716 1
630 929 0
584 886 1
548 488 1
701 637 0
229 178 0
546 584 0
42 903 1
806 416 0
473 469 0
439 281 0
536 354 0
517 180 1
884 469 1
199 331 1
894 354 0
968 709 0
872 709 0
540 750 0
742 226 0
415 966 1
795 831 0
361 549 1
909 49 0
504 693 0
96 730 1
377 692 0
481 91 1
76 708 1
253 985 1
635 913 0
53 876 1
289 167 1
860 657 0
811 139 0
328 611 0
403 840 0
752 983 1
51 421 1
718 583 0
243 686 0
29 342 1
5 739 0
580 44 1
446 193 1
428 856 1
317 660 0
848 644 0
203 884 0
973 294 1
489 374 1
702 725 1
439 513 0
489 793 1
126 54 1
241 424 0
454 139 1
968 29 0
291 17 0
207 69 1
123 872 1
351 253 0
737 857 1
350 381 0
306 373 0
883 459 1
363 231 0
392 519 1
299 39 0
630 237 0
512 766 0
272 438 0
814 164 0
734 540 1
463 577 0
732 295 0
722 782 0
130 634 1
803 572 0
918 712 1
419 139 0
876 16 0
825 912 0
948 13 1
689 350 1
770 348 1
257 758 0
63 399 0
143 964 0
444 172 0
568 140 0
694 471 1
921 183 1
517 885 0
249 76 1
597 197 1
899 29 0
216 256 0
220 66 1
953 37 0
601 491 0
468 261 1
819 95 0
227 598 1
436 409 1
126 136 0
733 735 0
747 172 1
87 621 0
913 271 1
358 409 0
902 132 0
861 512 1
1 241 1
100 605 0
608 935 1
283 405 1
278 155 1
949 944 0
448 216 0
65 249 1
178 411 0
204 2 1
862 155 0
106 273 0
308 561 0
194 888 0
767 567 0
483 840 1
291 263 0
994 551 1
811 479 1
475 269 1
34 431 1
686 37 1
4 8 1
284 430 0
10 716 0
367 14 1
55 985 0
341 660 1
691 458 1
53 384 1
232 180 0
211 135 1
412 852 1
593 442 1
452 819 1
411 163 0
800 850 1
652 763 0
375 255 1
779 262 1
386 564 1
671 953 1
615 750 0
349 819 0
796 851 1
950 711 1
993 637 0
675 931 1
131 312 1
608 544 0
416 987 0
922 929 0
789 174 0
484 655 1
156 981 0
655 98 0
807 256 0
943 666 1
539 926 0
193 850 1
1 176 0
15 513 0
99 32 0
408 178 1
171 697 0
83 422 1
993 356 1
268 204 1
329 474 1
980 464 1
453 867 1
561 464 1
105 488 0
441 49 0
127 845 0
920 53 0
818 174 1
33 553 0
528 960 0
184 336 1
154 899 0
931 987 1
700 622 0
887 231 1
819 618 1
196 386 0
108 178 1
892 826 0
370 232 1
735 263 1
395 884 1
404 267 1
227 473 0
96 405 0
121 428 1
987 842 1
770 828 1
14 953 0
852 375 1
278 417 1
369 726 0
773 847 1
506 881 0
635 881 1
878 130 1
879 660 1
664 138 1
858 23 1
10 170 1
149 267 1
927 458 0
332 640 0
49 792 0
928 525 0
169 648 0
942 732 1
118 105 1
113 395 1
996 781 1
577 81 0
576 694 0
483 150 0
147 927 0
785 724 1
696 73 0
964 778 0
208 774 0
949 508 0
137 727 1
66 147 0
972 267 1
50 477 0
634 508 1
973 80 1
464 729 0
169 593 1
323 726 1
913 318 0
150 569 1
382 273 1
592 513 1
243 383 1
393 18 1
495 443 1
556 692 1
530 778 1
452 18 1
854 318 0
952 919 0
977 698 1
388 269 1
134 832 0
40 866 1
460 565 1
379 122 0
175 849 0
471 460 1
979 152 1
611 829 1
892 87 1
599 841 1
618 859 1
335 364 1
925 841 0
422 692 1
936 944 1
52 799 1
373 765 0
770 391 0
471 36 1
978 396 0
886 645 0
47 972 0
412 653 0
925 948 1
131 812 0
686 900 0
603 725 1
502 991 0
664 759 0
203 360 0
254 18 0
930 334 1
565 709 0
882 68 0
330 877 1
196 400 1
185 502 0
198 139 0
637 812 0
446 784 1
143 287 0
737 61 0
113 202 0
740 777 0
570 295 0
36 919 0
174 609 1
519 102 0
384 108 1
938 687 0
547 844 0
388 512 1
417 377 0
872 848 0
394 706 0
175 125 0
206 264 0
555 714 1
131 342 1
855 219 0
926 165 0
288 621 0
581 295 0
973 13 1
470 697 1
563 903 0
549 384 0
850 446 1
789 623 0
403 884 0
609 838 1
968 412 1
483 869 0
221 410 0
688 128 1
981 265 0
148 962 0
969 149 0
480 396 0
689 228 1
577 559 0
549 127 1
714 470 1
549 183 0
820 821 1
345 871 1
489 672 1
761 665 1
248 783 0
0 627 0
687 679 1
238 763 0
132 293 1
323 879 1
993 496 1
219 896 1
478 633 0
430 282 1
994 421 1
946 445 0
664 485 1
70 170 0
65 443 0
492 565 0
127 233 1
589 448 0
806 235 1
344 421 0
132 152 1
63 988 0
940 354 0
284 453 0
539 901 0
334 20 0
755 623 1
924 464 0
582 474 1
509 336 0
954 645 0
229 652 0
882 831 0
542 72 0
554 849 1
723 406 1
486 194 0
587 623 1
219 378 0
994 9 1
292 770 1
849 129 0
827 469 1
930 924 0
511 741 1
148 347 1
8 483 0
244 286 0
125 345 1
964 327 0
511 532 0
792 472 0
243 520 0
524 80 1
737 155 1
700 929 1
778 715 1
798 379 1
143 170 1
342 77 0
910 154 1
671 277 1
970 125 0
139 116 0
684 770 0
352 932 1
743 914 0
981 830 1
624 793 1
416 541 0
734 290 1
698 990 1
536 177 1
75 121 0
503 359 0
814 603 0
601 54 1
980 351 1
703 624 1
872 480 0
577 55 0
897 325 1
423 472 1
972 240 1
756 33 1
608 910 0
196 565 0
639 163 1
386 25 0
344 762 1
310 398 1
150 62 0
699 99 0
339 627 1
541 381 0
852 60 1
313 496 1
87 678 0
597 644 0
669 652 1
58 610 0
916 715 1
823 277 1
578 437 1
664 381 1
790 183 0
246 643 0
479 595 0
816 779 0
581 224 0
234 433 1
654 970 0
525 936 0
428 132 0
396 645 1
104 561 1
722 164 1
160 925 1
650 391 0
388 784 1
971 836 1
874 129 1
776 991 0
277 317 0
637 356 1
224 285 0
804 536 1
613 175 0
717 540 0
235 449 0
245 443 0
413 517 1
476 493 0
590 842 0
632 826 1
224 758 1
772 201 0
798 197 1
888 946 1
362 844 0
491 563 0
191 726 0
614 423 0
314 720 0
780 155 0
70 703 1
817 959 0
797 867 0
600 849 1
429 531 0
475 839 0
4 722 0
76 205 1
511 182 1
78 956 0
125 707 1
682 245 1
536 854 1
788 107 1
446 999 0
981 963 1
1 146 1
646 340 0
381 455 1
791 919 0
859 55 1
512 963 1
357 472 1
289 875 1
503 266 0
497 168 1
699 559 1
473 301 0
697 646 0
328 738 1
925 161 0
327 403 1
421 611 0
872 198 1
667 422 1
767 956 0
854 116 1
818 802 1
623 390 0
626 490 0
658 908 0
375 709 0
409 870 1
863 619 1
945 982 0
752 499 0
290 209 0
470 114 1
12 990 0
256 45 1
848 555 0
490 758 1
332 916 1
870 65 1
237 292 0
984 340 0
494 414 0
979 710 0
939 334 0
199 589 0
775 329 1
818 502 1
899 415 1
339 243 1
921 145 1
282 916 1
104 485 1
239 429 0
6 332 1
108 623 1
161 741 1
848 236 0
664 96 1
248 754 1
119 282 1
88 715 1
631 781 0
628 632 1
650 33 1
41 61 0
926 874 1
943 299 1
714 206 0
356 895 0
693 257 1
560 831 0
386 111 1
596 508 0
915 924 1
711 58 1
528 208 1
486 942 1
51 829 0
75 96 1
712 474 0
400 103 1
362 299 1
862 465 1
637 272 0
299 346 0
495 470 0
671 357 1
324 613 1
562 703 1
426 148 0
212 44 0
261 228 0
277 631 0
87 181 1
850 652 0
845 655 0
862 230 1
339 753 0
335 520 0
680 13 1
234 730 0
411 186 0
80 775 0
362 670 1
237 348 0
501 712 0
619 125 1
881 897 0
160 688 0
469 972 1
148 691 1
930 610 0
865 763 0
508 232 0
7 209 0
747 826 0
503 58 1
257 230 1
475 422 1
262 766 1
405 939 0
567 672 1
209 474 1
52 216 1
674 686 0
360 999 1
466 701 1
957 986 0
72 490 0
889 558 0
805 334 0
588 268 0
988 349 0
449 682 1
241 971 0
217 438 0
608 940 1
612 414 1
3 278 1
23 865 0
68 32 0
779 56 0
110 839 1
160 299 1
797 315 1
322 302 1
289 220 0
961 413 1
490 706 0
8 241 1
972 844 1
837 7 0
113 298 1
979 562 1
364 572 1
604 430 1
892 657 0
691 903 1
255 757 1
967 110 1
956 948 0
917 481 0
400 39 1
27 363 0
519 536 0
506 812 0
361 604 1
345 919 1
712 713 1
16 605 0
156 850 0
581 423 0
468 285 0
711 241 0
770 51 0
236 970 0
786 998 0
483 193 0
865 135 0
238 50 1
391 151 0
496 61 1
982 238 1
128 125 0
589 525 0
875 270 0
76 493 0
733 206 0
753 382 1
478 673 1
283 263 1
387 525 0
867 341 0
367 175 1
479 890 1
452 832 0
214 746 1
432 381 1
523 505 0
716 560 1
369 629 0
466 935 1
8 986 0
517 61 0
762 525 0
204 625 1
963 446 0
623 141 0
672 950 1
236 327 1
170 287 1
602 375 1
949 580 0
296 935 1
518 776 0
38 802 0
569 250 0
1 512 1
456 501 1
887 783 0
435 249 0
731 613 0
744 123 0
342 710 0
496 174 1
755 999 1
798 28 1
361 496 1
566 126 0
863 918 0
77 131 0
570 581 1
536 55 1
726 645 0
205 742 0
539 968 1
551 374 0
577 590 0
301 654 0
167 691 1
725 258 0
899 375 0
163 903 1
874 248 1
132 392 0
468 378 0
578 13 1
272 437 1
624 377 0
7 612 1
446 859 0
156 360 0
262 997 0
753 93 1
651 131 1
317 412 1
963 262 0
870 573 1
460 201 0
506 154 0
228 731 1
413 424 1
893 194 0
566 138 0
958 879 1
247 813 0
448 998 0
828 67 1
974 333 1
499 929 0
685 582 1
272 700 0
437 511 0
767 801 0
60 384 0
496 143 1
980 746 1
316 569 0
6 366 0
886 652 0
565 129 0
825 35 0
171 322 1
723 311 1
172 752 1
14 731 0
417 793 0
271 173 0
836 293 1
879 565 1
736 497 0
184 482 1
394 355 1
579 840 1
957 241 0
18 666 0
545 297 0
737 209 1
374 793 1
129 952 0
296 485 0
684 589 1
918 250 1
254 110 1
543 948 1
204 468 1
549 846 1
767 107 0
334 378 1
551 682 0
476 797 1
559 181 0
992 448 0
271 983 0
629 722 0
790 858 1
127 503 0
841 600 1
75 886 0
780 971 1
390 420 1
536 191 1
330 743 1
925 54 0
328 984 1
9 575 0
252 859 0
136 875 1
878 807 0
821 951 0
277 664 0
230 232 0
883 112 0
10 99 0
480 349 0
286 574 1
179 90 1
818 511 0
941 938 0
656 746 0
501 903 1
317 953 0
382 402 1
308 531 0
927 707 1
298 783 0
981 842 1
320 764 1
734 152 1
483 814 1
790 718 1
355 448 0
768 476 1
902 761 0
46 515 1
296 256 0
480 178 0
289 365 1
567 388 1
724 951 0
648 201 1
796 25 1
578 742 1
962 826 0
812 516 0
665 562 1
751 486 1
666 196 0
164 619 1
200 266 0
41 971 0
888 793 0
810 945 1
210 591 1
713 725 1
513 199 1
462 611 1
865 308 1
501 656 0
712 710 0
441 471 1
209 857 0
374 153 1
843 101 1
305 253 0
335 868 1
377 416 0
814 371 0
346 69 1
643 129 0
550 687 1
758 500 1
811 614 0
317 171 1
947 131 0
642 911 0
278 430 0
961 405 1
720 537 1
945 512 0
393 697 1
262 985 0
554 827 0
53 669 1
297 389 1
582 919 1
953 83 0
129 610 0
987 35 0
283 459 1
60 496 1
569 769 1
450 604 1
965 416 0
213 346 1
273 132 0
272 516 0
686 784 0
889 593 1
4 449 0
527 824 1
390 585 0
150 771 0
641 434 0
604 703 0
465 693 1
87 52 0
569 824 0
75 635 0
529 895 0
263 264 1
28 64 0
135 596 1
254 667 0
144 419 0
449 272 0
109 60 0
268 873 0
862 582 1
802 67 0
143 754 1
500 752 1
841 849 0
314 325 0
896 311 1
819 495 1
571 534 1
938 905 0
398 927 0
975 234 0
630 926 1
210 167 1
349 638 0
33 777 1
744 722 0
999 540 0
940 478 1
873 144 1
239 391 1
638 622 0
30 858 0
958 81 1
877 286 0
372 317 0
680 880 1
200 510 0
784 964 0
210 841 0
766 331 1
987 692 0
503 905 0
426 635 0
244 605 0
191 354 1
374 753 0
39 442 1
570 817 1
224 286 1
530 171 0
822 913 1
653 913 0
65 363 0
719 369 1
244 995 1
878 902 0
324 169 1
4 272 1
466 894 1
226 158 1
82 908 0
635 861 0
579 25 1
169 972 1
192 739 0
144 948 1
769 512 1
679 389 1
400 866 0
699 308 1
845 646 1
744 661 0
797 909 0
746 919 1
245 180 1
227 526 1
795 963 0
902 906 0
602 931 1
777 535 0
873 532 1
785 610 0
473 392 1
306 645 0
25 715 0
640 575 0
264 669 0
869 941 1
990 668 0
964 769 0
881 804 0
608 818 1
420 803 0
59 623 1
358 483 0
510 463 0
190 271 1
654 300 1
241 451 0
964 520 0
907 434 1
782 257 1
250 519 1
181 139 0
761 15 0
288 623 1
170 207 0
325 820 0
349 367 1
102 397 1
12 531 1
356 148 0
291 818 1
283 299 0
269 562 1
261 21 0
599 301 1
154 45 1
136 851 1
96 769 1
759 104 0
947 77 0
943 952 1
354 709 0
769 287 0
954 272 1
870 489 1
799 625 1
195 49 0
690 265 1
371 546 0
303 328 0
444 896 1
612 89 0
899 697 0
10 80 1
799 253 0
245 746 0
671 129 1
76 794 0
345 515 0
415 113 1
116 81 1
350 931 0
87 913 0
686 189 1
9 336 1
652 479 1
571 9 0
292 653 1
986 478 1
383 410 1
516 723 0
281 1 0
577 530 1
108 694 0
24 142 0
17 214 1
1 724 0
258 173 1
209 494 1
950 316 0
261 247 0
302 723 0
480 461 0
346 613 1
842 416 0
732 624 1
111 443 1
795 840 0
856 829 0
426 316 1
494 448 0
127 215 0
73 537 1
710 694 0
498 343 1
895 701 0
789 800 0
843 783 1
47 282 0
331 554 0
125 691 1
99 403 1
548 573 0
625 138 0
352 656 0
72 415 1
401 132 1
549 988 1
49 804 0
439 807 0
288 863 1
534 493 1
525 240 0
254 138 1
225 903 0
692 607 0
821 920 1
311 126 1
837 41 1
693 178 1
958 343 0
616 828 0
622 360 1
357 638 1
86 887 0
339 658 0
549 301 1
728 685 1
275 917 0
790 296 0
494 53 1
63 131 0
946 365 1
282 91 1
960 140 1
243 164 0
509 931 1
785 304 0
830 695 0
228 941 1
962 952 0
467 843 0
935 586 1
737 834 0
345 55 0
278 873 0
32 397 0
825 966 1
820 620 0
835 115 0
485 211 1
872 587 0
33 826 1
948 210 1
810 474 0
259 665 1
606 811 1
800 741 0
711 273 1
940 363 1
686 832 1
92 929 0
331 31 0
21 341 1
77 851 0
251 232 0
410 842 1
761 31 1
221 737 1
52 478 0
972 294 1
364 67 1
661 401 1
578 191 0
899 308 0
943 125 0
679 391 1
426 952 0
754 215 1
191 906 0
527 140 1
975 841 0
335 834 1
405 757 0
10 942 0
612 248 0
321 224 0
567 402 0
320 701 0
814 328 1
889 871 1
667 891 0
432 73 0
453 352 0
962 859 0
634 15 1
735 133 1
964 691 0
9 520 1
843 146 1
254 981 0
914 747 1
847 5 0
488 987 1
694 493 0
927 457 1
63 212 0
433 598 1
348 834 1
574 79 1
651 211 0
574 989 0
298 736 1
178 862 0
688 411 0
157 387 1
512 639 0
543 118 0
129 457 0
943 66 1
606 252 1
78 781 0
918 655 0
828 84 1
10 769 1
461 914 1
93 315 0
313 583 0
418 771 1
506 892 0
876 477 1
789 501 0
427 729 1
212 754 0
528 933 0
979 939 0
494 286 0
380 646 1
359 671 0
732 405 0
536 345 0
398 613 1
758 179 0
44 978 1
466 316 1
120 692 0
581 983 1
849 537 1
688 389 0
667 687 1
639 186 1
209 710 1
718 840 0
703 385 0
209 547 0
543 142 1
820 455 0
263 852 0
630 689 1
411 478 1
657 894 1
304 280 1
520 778 1
72 263 1
593 625 0
816 776 0
422 726 1
167 196 1
950 99 1
628 179 0
22 855 1
227 894 1
941 531 1
111 378 0
427 644 1
496 403 0
260 491 0
272 256 0
66 40 1
341 786 0
37 987 1
638 81 1
832 429 1
42 991 1
576 481 0
823 763 0
205 951 1
19 725 1
981 550 0
641 127 0
772 726 0
834 152 0
817 117 1
928 411 1
662 196 0
934 598 1
29 412 0
313 656 1
838 271 0
210 486 0
571 516 1
10 179 1
819 705 0
560 803 1
76 909 1
336 186 1
343 715 1
544 210 1
237 72 1
365 478 0
866 543 1
812 539 1
169 97 0
819 107 1
889 787 1
785 784 1
973 64 0
714 531 0
648 536 0
502 42 0
196 210 1
891 431 1
891 621 0
475 257 1
785 192 0
293 657 1
954 697 0
219 492 0
22 468 1
399 7 0
992 903 0
975 599 0
569 808 1
385 256 0
826 215 0
677 982 1
142 919 1
108 321 1
283 151 0
237 75 1
403 833 1
602 727 1
566 460 1
293 598 0
516 391 1
193 347 1
126 552 0
22 151 0
721 343 0
805 874 0
897 536 1
436 615 1
383 241 0
609 364 0
470 955 0
274 723 1
676 442 1
918 649 0
884 481 0
2 786 1
719 542 1
269 340 0
754 86 1
753 574 0
339 857 1
490 461 0
606 86 0
641 823 0
754 238 1
100 632 1
884 624 0
937 693 1
29 917 0
1 562 1
3 342 0
311 532 1
271 198 0
367 186 1
544 154 0
295 321 0
731 654 0
123 310 1
154 188 0
845 671 1
941 738 0
291 920 0
400 208 0
678 47 0
230 920 1
650 833 1
343 245 0
564 749 0
888 258 0
276 903 1
995 279 1
688 225 1
156 479 0
951 736 0
632 172 0
548 10 1
908 624 0
169 600 1
687 134 1
28 597 0
882 987 0
557 550 0
224 730 0
590 697 0
997 83 1
550 421 0
103 688 1
636 286 0
852 818 0
772 71 1
434 856 1
639 411 1
937 442 1
537 695 0
814 669 1
837 174 1
9 395 0
69 98 1
266 646 1
784 680 0
19 420 1
810 984 0
358 453 1
149 224 1
265 978 0
113 761 1
284 235 1
637 346 0
859 716 0
581 985 1
426 591 0
701 898 0
291 649 0
180 998 0
864 64 0
957 794 1
942 395 0
903 411 0
189 307 0
387 137 0
6 89 0
9 199 1
261 898 1
530 440 1
451 620 1
86 929 1
77 320 1
56 845 0
493 343 0
219 898 1
947 66 1
131 185 1
15 497 1
174 115 1
559 197 1
313 453 0
95 652 0
342 185 0
141 971 0
353 792 0
907 836 0
543 21 1
386 191 1
510 992 1
143 387 0
154 626 0
73 245 0
628 260 1
902 97 1
504 229 1
494 33 0
297 740 1
723 306 1
598 392 0
70 494 1
248 491 1
320 210 0
127 48 1
556 616 1
107 993 1
394 493 0
801 101 0
379 411 0
977 922 0
662 126 0
381 45 0
917 356 1
93 199 0
104 677 1
518 262 0
872 402 1
5 415 0
195 698 0
682 4 0
937 958 0
532 60 1
847 355 0
367 234 0
708 472 1
422 541 0
625 565 1
830 765 1
203 89 1
450 479 1
96 84 1
775 333 0
748 539 0
573 801 1
675 537 1
161 276 1
813 576 0
423 438 1
843 922 0
30 677 1
378 657 1
456 859 1
563 478 0
223 903 1
520 321 0
718 385 0
827 113 0
147 849 1
518 883 0
842 381 0
507 815 0
978 575 1
338 684 0
689 359 0
269 660 0
977 737 0
649 862 1
4 539 0
295 28 1
169 526 1
442 28 1
845 924 0
969 632 0
984 431 0
831 318 1
634 942 0
303 784 0
853 826 1
872 214 1
384 100 0
408 316 1
915 676 0
510 470 0
584 710 1
387 81 0
303 364 0
720 325 0
797 692 0
2 650 1
616 219 1
17 145 1
715 478 1
588 556 1
501 835 1
698 785 0
860 987 1
18 555 0
337 662 0
446 721 1
472 252 1
381 726 0
969 747 0
426 866 0
280 724 0
650 642 0
299 80 0
43 112 0
105 334 0
938 300 0
48 722 0
511 502 1
785 424 0
896 366 1
265 444 1
796 525 0
816 444 0
542 429 0
105 874 1
831 138 1
72 77 0
869 738 0
520 170 0
830 764 0
736 202 1
851 925 1
904 442 1
904 536 0
510 619 1
604 292 0
960 223 1
868 301 1
195 603 0
684 433 1
380 266 0
733 511 1
691 731 0
722 897 1
590 958 1
109 802 1
396 36 1
10 381 1
981 623 0
697 595 0
123 564 1
124 814 1
866 772 1
963 686 0
141 162 0
63 555 1
924 859 0
529 968 1
818 77 0
473 598 0
42 272 0
892 788 1
998 340 0
181 510 0
490 449 1
56 123 1
439 603 1
978 580 0
315 340 0
103 796 1
613 586 1
136 240 0
910 317 1
720 192 0
910 806 0
786 528 1
544 436 0
733 815 0
40 552 0
114 685 0
17 724 1
317 589 1
262 619 0
54 39 0
883 763 1
949 417 0
265 846 0
662 670 0
165 866 1
882 370 0
267 365 0
20 454 1
79 28 0
351 44 1
86 499 0
820 992 0
284 773 1
292 81 0
724 314 1
785 897 1
23 296 0
67 582 1
61 255 0
107 66 1
619 287 0
846 988 0
131 272 0
107 49 0
317 686 1
847 107 1
855 579 0
658 238 0
419 516 0
43 185 1
510 145 0
178 810 0
448 660 1
829 932 1
782 585 0
39 591 1
265 480 0
905 228 0
819 744 0
864 248 0
95 452 1
570 989 1
159 548 0
753 94 1
864 760 1
825 880 1
313 522 1
714 275 0
557 687 1
967 508 1
510 82 0
198 929 1
752 271 1
813 542 0
159 481 0
691 11 1
135 137 1
711 141 1
124 879 1
338 965 1
915 99 1
272 514 1
872 549 1
323 670 0
630 666 1
946 11 0
951 923 0
393 566 0
987 726 0
14 389 1
510 642 1
825 473 1
412 82 1
656 930 1
435 323 1
743 864 0
919 488 0
616 608 1
59 29 1
426 5 1
724 957 0
724 281 1
46 190 0
625 683 0
495 505 1
814 67 1
297 761 1
255 198 0
85 102 0
787 218 0
358 609 0
254 94 0
289 966 0
768 299 1
635 4 0
873 906 0
293 617 1
731 707 1
586 832 1
78 124 0
37 932 1
842 935 0
820 945 1
674 740 1
915 867 1
891 905 0
647 423 1
215 876 0
944 972 0
356 522 1
929 353 1
82 926 1
387 478 0
566 618 0
862 119 1
937 557 1
179 864 0
114 533 0
156 822 0
517 663 1
521 252 0
251 511 1
281 945 0
182 602 0
496 782 0
155 494 0
951 101 0
30 713 1
585 500 1
0 938 0
396 457 0
734 562 1
51 428 1
2 388 0
349 606 0
211 921 0
946 694 0
850 798 0
893 113 0
682 632 0
527 467 1
578 655 1
495 355 0
981 462 0
37 842 0
531 953 0
822 944 0
643 433 1
973 69 1
792 764 1
288 338 1
923 315 0
956 72 1
832 932 0
276 973 1
246 39 1
705 887 1
660 860 0
213 270 0
837 222 0
274 66 1
222 508 1
865 657 0
10 982 0
338 775 1
212 462 1
951 177 0
113 168 1
212 311 0
91 678 1
3 597 1
690 752 1
526 270 0
494 963 1
894 717 1
927 535 1
769 963 1
807 908 0
35 416 1
215 525 1
389 398 0
300 169 0
30 82 1
293 557 1
372 895 0
796 666 1
638 929 0
315 720 0
910 443 1
853 605 0
166 592 1
251 883 0
536 514 0
63 572 1
211 530 0
540 842 1
316 257 1
314 582 0
573 905 1
642 151 0
702 118 1
415 833 0
964 576 0
518 377 0
702 240 1
586 541 1
902 635 0
843 143 0
19 769 1
77 263 1
696 452 1
896 150 0
968 302 0
313 358 1
650 535 1
907 935 1
355 145 1
534 204 0
648 488 0
20 98 1
918 537 1
309 931 0
9 918 1
530 481 0
571 3 0
918 601 0
17 542 1
696 671 1
197 13 0
846 452 0
459 37 1
445 255 1
713 368 1
737 257 1
352 142 0
174 758 1
435 622 0
436 793 0
265 263 1
480 142 0
280 117 1
966 970 1
855 835 0
33 877 0
134 891 1
819 420 1
725 992 0
123 870 0
420 728 1
671 375 1
916 98 0
292 885 1
413 753 0
832 726 0
908 505 1
306 803 0
557 931 0
33 758 0
456 144 1
202 786 1
173 900 1
525 478 0
873 994 1
236 583 0
204 540 1
707 691 1
359 771 0
869 413 0
920 178 1
308 10 1
353 995 1
656 201 1
379 597 0
926 147 1
882 970 1
682 544 0
506 369 0
819 523 0
922 146 0
689 487 1
487 980 0
78 145 0
712 9 0
833 880 1
57 654 1
281 471 1
689 832 1
418 729 0
123 263 1
801 567 0
228 611 1
908 828 0
29 42 1
559 335 0
408 496 1
425 350 0
468 504 1
653 989 0
369 491 1
17 62 0
942 708 1
650 321 0
535 932 0
591 148 0
870 269 1
655 836 1
119 198 0
139 982 0
911 627 1
567 139 1
74 791 0
878 602 0
885 143 1
745 668 0
54 74 0
982 618 0
940 423 1
128 558 1
813 767 1
941 891 0
11 607 0
898 941 0
388 507 0
446 50 0
453 409 1
316 570 1
939 35 0
156 63 1
877 329 0
422 709 0
468 425 1
429 709 0
219 51 0
507 119 0
704 681 1
591 400 1
594 553 0
915 801 1
456 427 0
752 258 1
471 407 1
475 426 0
290 302 0
125 37 0
405 871 0
262 550 1
28 184 1
898 189 0
538 637 1
165 5 0
755 855 0
63 689 1
332 204 0
466 755 1
606 359 0
494 255 1
865 619 1
742 622 1
916 944 0
690 503 1
905 557 1
942 508 1
768 489 0
668 83 1
506 413 0
923 281 1
553 83 0
943 196 0
789 968 0
896 987 1
627 431 0
928 241 0
549 696 0
855 297 1
958 579 0
680 677 0
62 402 0
174 262 1
456 128 0
414 448 0
680 535 0
114 463 1
177 97 0
493 728 1
585 379 0
629 107 0
13 64 1
542 659 1
426 351 1
441 157 0
263 311 1
863 291 1
293 462 0
613 455 1
929 305 0
29 311 0
210 376 0
969 675 1
660 562 1
951 742 0
264 917 1
349 872 0
400 98 0
964 840 0
146 586 0
328 389 1
604 896 1
542 251 1
127 823 0
937 360 1
800 917 1
412 818 0
846 848 0
937 61 0
840 514 1
246 601 1
589 871 0
400 639 1
61 459 1
325 732 1
341 745 0
786 713 1
212 136 1
517 410 1
949 998 0
854 730 1
362 851 1
588 789 0
601 404 0
91 815 1
807 864 1
8 292 1
425 953 0
590 510 0
995 614 0
993 42 1
589 695 0
438 363 1
840 137 1
821 203 1
127 26 1
826 522 0
653 879 0
243 746 0
303 579 1
515 985 0
516 162 1
806 538 0
904 97 0
346 473 1
812 692 1
553 783 0
658 326 1
806 283 1
399 696 1
872 117 1
243 348 0
97 930 0
273 50 1
663 794 1
996 31 0
17 400 0
241 930 1
551 459 1
871 351 1
642 381 0
801 784 0
656 962 1
169 376 0
883 440 0
205 53 1
112 775 1
702 210 1
309 716 0
56 671 0
886 694 1
358 653 0
63 359 1
929 990 1
663 964 1
310 553 1
524 301 0
759 618 0
240 47 0
281 620 1
120 949 0
571 163 0
36 656 1
274 474 0
930 826 0
31 827 1
878 219 1
66 400 1
195 592 1
896 551 0
342 311 0
840 512 0
75 706 0
938 112 1
39 370 1
648 676 0
633 225 0
798 427 0
621 350 1
542 875 0
971 239 1
277 248 0
141 693 0
265 176 0
846 674 1
986 693 1
140 794 1
338 174 1
404 199 1
433 709 0
563 368 1
129 105 0
689 277 0
733 83 1
265 63 0
571 426 0
166 742 1
520 420 1
292 339 1
870 950 0
120 288 0
638 901 1
780 784 1
655 737 0
22 648 1
850 854 0
107 167 1
69 365 1
504 680 0
92 700 0
941 234 1
579 493 0
548 383 0
723 817 0
751 786 0
659 369 0
590 699 1
642 430 1
247 454 0
697 510 1
614 817 0
233 522 1
813 879 0
838 694 0
79 137 1
236 628 0
725 269 0
723 947 0
250 661 0
165 312 1
447 166 0
483 446 1
978 791 0
845 396 1
75 980 0
210 833 0
356 940 1
378 695 0
160 161 0
188 494 0
382 326 1
819 510 1
92 464 0
973 639 1
651 530 0
62 795 1
468 878 0
147 978 1
735 59 0
674 619 0
729 139 0
359 547 1
291 993 1
724 698 0
183 596 1
272 375 0
340 541 1
30 955 1
121 175 1
381 894 1
546 996 1
819 224 0
449 274 0
562 793 0
286 46 0
393 823 1
951 592 0
999 366 1
992 946 1
220 299 0
578 311 0
564 633 1
300 904 0
878 767 1
822 500 1
109 857 0
118 66 1
327 411 1
856 293 0
407 507 1
414 815 0
3 828 1
354 809 0
275 694 0
249 201 1
776 697 0
506 551 0
22 184 0
813 343 1
205 146 1
946 805 0
988 503 1
899 72 0
93 621 0
399 149 1
785 315 1
608 915 1
802 829 1
782 229 1
186 762 0
546 214 1
238 90 0
548 94 0
981 555 1
640 976 0
828 824 1
813 284 1
761 298 1
306 681 1
236 965 0
339 612 1
629 491 1
703 732 0
144 784 1
458 966 1
395 594 0
171 644 1
265 708 1
599 14 1
161 396 0
616 967 1
42 275 0
708 700 0
306 253 0
837 229 1
380 533 0
961 821 0
3 148 1
992 703 0
871 334 1
158 935 1
532 59 0
897 840 0
988 566 1
46 747 0
360 695 1
998 334 1
29 639 1
32 731 1
960 844 0
288 82 0
277 834 1
585 319 1
766 960 0
718 879 0
905 458 0
483 489 1
119 983 1
275 637 1
112 191 0
617 189 0
116 50 0
76 512 0
734 140 0
390 403 0
342 246 1
357 614 0
851 66 1
83 726 0
985 477 1
73 151 1
696 814 0
600 69 1
994 980 1
744 498 0
544 928 0
102 376 0
444 481 0
989 900 0
30 931 1
399 83 1
43 991 1
475 973 1
901 668 1
951 45 0
320 302 1
403 152 1
881 838 0
117 811 1
437 283 0
657 350 0
696 958 0
153 489 0
517 159 0
508 255 1
561 646 0
109 47 0
550 692 1
488 471 0
417 946 1
444 551 1
79 336 0
76 194 0
753 882 1
446 680 1
724 820 0
203 280 0
651 510 0
480 386 0
404 298 0
290 800 1
653 709 1
257 669 1
305 614 1
156 816 0
524 593 1
602 425 0
11 37 0
776 251 1
520 455 1
852 655 1
932 35 1
669 563 1
808 344 0
357 522 0
67 713 0
297 634 1
723 43 1
996 467 1
920 293 0
189 550 1
341 794 1
571 466 1
470 763 1
571 649 0
26 197 1
592 643 1
429 45 0
801 325 0
700 586 0
470 143 0
659 781 1
158 726 0
712 984 0
760 373 0
239 979 0
63 452 1
109 734 0
407 523 0
867 439 1
998 216 1
800 558 1
333 365 0
275 263 0
195 143 0
767 394 0
18 127 0
274 340 0
686 327 1
582 430 0
370 893 0
917 373 1
192 821 0
24 874 0
789 737 0
666 545 1
975 598 1
649 21 0
363 521 1
121 442 0
544 578 1
683 595 1
414 836 0
370 739 0
877 914 1
155 408 1
770 611 1
791 593 0
378 37 0
539 255 1
379 454 1
448 366 0
851 433 0
952 904 1
295 507 0
36 610 0
339 489 1
671 744 1
885 62 0
652 598 0
994 418 1
283 723 1
887 929 0
907 855 1
8 573 1
121 533 0
556 732 1
590 222 1
874 772 0
6 261 1
718 941 0
626 906 1
451 780 0
606 265 1
469 324 1
62 922 0
203 739 0
677 116 0
605 500 1
351 345 1
202 765 1
478 225 1
255 864 1
534 891 0
448 562 1
426 261 1
102 927 0
500 792 1
274 235 0
206 511 1
308 537 0
985 464 0
230 512 0
808 737 0
731 398 0
303 19 1
388 674 0
562 949 0
264 940 0
674 998 1
272 940 1
287 997 1
701 834 0
263 516 0
635 224 1
866 943 0
567 998 0
182 275 0
76 951 0
141 408 0
174 152 0
71 514 1
612 946 1
22 633 1
607 422 0
305 607 0
560 276 0
869 328 1
233 379 1
745 445 0
285 597 1
901 622 1
471 871 0
9 120 0
280 199 1
165 105 0
848 128 0
957 194 1
814 869 1
364 80 1
337 367 1
689 846 0
501 734 0
797 314 0
233 901 0
287 595 0
984 965 1
199 995 1
589 329 0
793 84 0
92 357 1
14 707 1
95 614 1
996 111 0
684 731 1
876 507 0
719 767 1
324 903 1
580 746 1
230 68 0
503 320 0
612 343 1
190 80 1
339 214 0
291 332 1
776 269 1
713 908 1
720 952 0
247 174 0
27 751 0
947 117 0
260 116 1
988 18 1
881 861 0
957 205 1
367 975 0
650 665 1
855 940 1
388 825 1
606 999 1
829 421 0
713 385 1
905 239 0
379 982 0
599 397 0
179 91 0
136 128 0
50 727 0
572 477 0
195 65 1
627 401 1
609 344 0
456 879 0
892 211 0
702 719 1
570 215 1
592 459 0
847 608 0
956 951 1
173 854 1
821 589 0
974 20 0
237 432 1
297 736 1
244 271 1
867 893 0
499 959 0
649 616 0
808 257 0
433 397 1
688 741 0
10 303 1
629 490 0
155 445 0
904 24 0
565 743 1
482 238 1
637 493 0
693 38 0
9 404 1
705 944 0
345 334 0
339 141 1
898 385 1
976 757 0
245 385 1
159 453 0
728 321 1
5 844 0
704 999 1
460 105 1
334 628 0
309 571 1
304 700 1
867 536 0
702 798 0
893 232 0
650 739 1
957 897 0
248 752 0
352 541 1
59 589 1
885 685 1
811 622 0
998 791 1
650 784 1
312 962 1
441 153 0
168 130 1
935 541 0
80 223 1
137 427 0
936 207 0
460 610 1
933 85 0
970 397 0
557 979 1
398 966 1
243 772 1
323 429 1
459 457 0
20 139 1
121 14 0
393 943 1
297 794 1
215 644 1
345 952 0
263 89 0
912 14 0
726 279 1
544 767 1
360 233 0
841 367 1
191 11 0
270 35 0
137 28 0
838 115 1
86 777 1
566 981 0
556 712 1
757 238 1
246 54 1
922 352 0
535 607 1
123 683 0
198 240 0
636 754 0
497 528 0
879 908 0
885 870 0
288 329 0
620 481 1
409 221 1
954 243 1
630 816 1
511 991 0
155 808 1
100 913 1
31 168 1
122 775 0
119 295 0
230 170 0
58 772 0
172 876 0
379 900 0
538 154 1
313 819 1
615 834 0
121 823 0
719 814 1
844 916 0
781 824 0
820 280 1
278 540 1
695 657 1
3 307 0
587 363 1
671 349 1
38 174 0
445 732 1
143 886 1
113 908 1
565 58 0
154 812 1
332 755 1
444 659 0
719 274 0
204 595 1
445 232 1
400 166 0
148 825 1
433 14 0
590 387 1
380 508 1
173 628 0
672 939 1
473 14 0
819 954 1
590 255 0
906 726 1
670 130 1
199 397 0
966 523 1
779 606 0
408 710 1
399 630 0
774 815 0
78 369 0
677 985 0
514 709 0
584 446 0
895 991 0
61 752 0
328 927 0
310 326 1
740 168 1
126 796 0
465 581 0
144 218 1
905 829 0
828 781 1
148 952 0
965 661 1
608 13 1
492 534 0
50 387 0
761 707 0
643 673 1
668 117 1
480 237 1
707 973 0
205 192 0
312 415 1
125 999 0
928 66 1
671 990 0
784 512 0
348 728 0
947 578 1
997 579 1
720 331 0
815 368 0
547 408 0
774 447 1
437 529 0
94 318 1
690 988 0
464 138 1
544 284 0
617 888 1
148 218 1
649 365 0
830 197 1
292 834 1
202 592 1
996 146 1
128 54 1
91 936 0
31 634 1
589 725 0
363 482 0
402 243 0
655 623 0
502 516 1
880 14 0
810 771 1
328 377 1
847 52 0
695 541 1
620 195 1
30 865 1
141 504 1
361 729 1
410 570 1
260 47 0
194 240 0
824 35 1
117 614 1
444 585 0
499 353 1
649 739 1
321 525 0
454 854 1
124 505 1
557 898 0
694 340 0
212 277 1
658 10 0
609 781 1
753 351 1
840 68 0
388 236 1
604 542 1
800 136 1
87 768 0
855 329 1
892 435 1
453 799 1
77 602 1
927 473 0
134 615 1
278 466 0
573 383 0
154 865 1
426 873 0
174 965 1
757 983 0
244 33 1
24 45 1
149 12 0
356 322 1
893 294 0
719 443 0
30 652 1
773 909 1
109 182 1
82 602 1
986 840 1
705 605 1
723 320 0
582 245 1
281 201 0
118 400 0
439 497 1
810 737 1
212 108 0
202 815 0
17 577 0
494 837 0
790 181 1
916 187 0
319 507 1
223 775 1
997 138 0
341 751 1
915 952 0
310 432 1
558 161 1
479 91 1
966 14 0
65 76 0
95 845 1
539 311 0
982 88 1
347 294 0
170 27 1
80 727 1
907 926 1
497 827 0
731 473 1
528 794 0
925 329 0
220 39 1
885 879 0
394 64 1
863 746 0
753 273 0
635 378 1
824 939 1
317 530 0
473 526 0
44 71 0
660 992 0
127 313 0
955 697 1
603 493 1
802 775 0
892 806 0
127 19 0
181 529 1
595 138 0
276 267 1
882 574 0
913 969 1
44 396 0
60 307 0
776 597 0
241 919 0
626 17 0
182 968 1
835 456 1
491 775 0
207 900 1
382 870 1
555 583 1
136 392 1
849 91 1
248 705 1
559 590 1
461 542 0
761 568 0
268 391 0
797 778 1
404 740 0
619 877 1
351 190 0
375 82 1
924 20 1
93 486 0
813 87 0
470 197 0
319 244 1
847 69 0
641 749 1
442 683 0
959 777 0
893 166 0
872 361 0
632 636 0
326 71 0
566 971 0
854 572 1
790 266 0
736 916 1
478 815 0
785 360 0
200 410 0
957 860 1
310 555 1
905 524 0
661 891 1
928 647 1
724 650 0
212 193 0
737 828 1
957 255 1
314 665 1
327 520 1
961 874 0
540 514 0
603 909 0
776 559 0
238 859 1
584 301 0
955 28 0
517 402 1
645 378 0
659 101 1
572 285 1
818 320 0
206 901 1
69 944 0
864 198 0
193 327 1
40 948 1
50 427 0
19 20 1
472 594 1
988 984 1
803 138 0
484 193 1
902 871 1
916 989 1
293 627 0
484 288 0
583 850 1
620 513 0
133 762 0
664 602 1
420 331 1
795 946 0
36 854 0
981 872 0
766 761 1
576 725 1
188 623 0
515 271 1
56 696 1
552 299 1
203 422 0
101 802 0
197 560 0
301 129 0
912 324 1
34 941 0
533 883 0
819 393 0
580 536 1
99 215 1
96 319 1
615 710 0
182 591 0
185 637 0
804 674 1
35 535 0
32 953 1
753 986 1
920 10 0
118 312 1
630 156 0
922 867 0
927 526 1
161 196 0
528 31 1
533 831 1
958 854 1
711 106 1
761 670 0
790 422 0
892 49 0
247 994 1
848 12 0
47 944 1
994 997 0
467 609 0
528 133 1
446 99 0
444 711 0
839 200 0
203 325 0
475 551 0
4 72 1
305 252 0
101 89 1
467 76 1
108 229 1
180 746 1
793 541 1
549 999 0
680 113 1
114 303 0
150 108 0
740 497 0
303 119 0
934 488 0
743 286 0
456 450 1
174 100 0
575 129 0
901 357 1
996 262 1
24 279 1
718 67 0
475 42 1
222 944 0
571 719 1
629 692 0
816 143 0
656 597 1
16 594 0
361 689 1
304 487 0
736 929 0
736 576 0
144 395 0
171 664 0
11 692 1
647 951 1
609 229 0
970 841 0
45 366 1
604 531 1
526 912 1
828 694 1
204 616 1
990 363 0
542 114 0
527 455 1
822 758 1
714 181 1
663 882 1
459 728 1
689 622 1
62 963 0
259 745 0
78 948 0
710 738 0
169 717 0
332 694 0
316 344 1
711 672 1
588 274 0
994 649 0
390 512 0
435 693 0
660 445 0
120 795 1
286 581 1
688 218 0
589 879 0
368 973 1
897 451 0
143 330 1
911 898 0
571 223 1
60 131 1
922 101 1
799 805 1
162 69 0
933 665 0
162 338 1
956 768 0
959 700 1
687 429 1
955 759 0
515 411 1
441 88 1
866 161 0
432 328 0
766 370 0
492 247 0
947 45 0
789 798 1
16 20 0
528 739 0
121 170 0
669 780 0
998 47 1
109 772 1
408 229 0
877 282 0
129 746 0
236 840 1
195 460 1
253 730 0
76 1 0
206 516 1
754 822 0
568 194 0
199 868 1
60 653 0
359 390 0
87 432 1
608 813 0
456 419 0
910 491 0
99 2 1
591 688 1
82 735 0
169 398 0
619 725 0
830 708 0
100 198 0
983 16 1
735 968 0
674 364 1
52 820 1
344 232 0
303 900 1
544 743 0
61 408 0
30 535 1
689 892 1
127 569 0
612 391 1
229 737 1
403 718 0
395 794 0
752 33 1
141 108 1
452 566 1
369 762 0
755 847 0
573 821 0
566 77 0
580 35 1
345 805 1
45 111 1
988 870 1
655 713 1
994 329 0
849 709 0
219 702 0
518 694 1
736 568 0
165 346 1
497 130 0
97 33 1
553 184 1
111 541 0
199 599 1
609 669 0
67 84 1
819 390 1
839 847 1
459 255 1
533 387 1
494 377 0
49 192 1
127 361 0
252 158 0
902 329 0
558 430 0
740 438 1
273 188 1
702 952 1
329 207 1
450 468 0
838 504 0
95 106 0
910 124 0
255 488 1
610 33 1
86 455 0
523 930 1
918 120 0
4 799 0
406 360 1
576 904 0
736 395 1
19 562 1
931 894 0
620 698 0
174 141 0
32 600 0
779 598 1
164 453 0
532 213 1
503 150 1
721 660 1
522 226 1
911 134 1
461 604 0
283 578 1
983 754 1
909 923 0
184 982 1
925 175 0
334 625 0
790 510 1
634 21 1
767 577 1
344 100 0
937 536 0
59 637 0
742 959 0
616 455 0
950 94 0
820 881 0
988 997 0
865 387 0
121 321 1
452 585 1
556 860 1
277 595 0
299 543 1
319 976 0
244 98 1
266 624 1
340 725 0
596 42 1
601 347 1
978 487 1
501 918 0
882 617 0
356 185 0
394 659 1
208 554 1
542 490 1
367 324 1
522 675 0
630 860 1
766 398 0
301 57 0
515 16 0
446 259 0
940 182 0
151 550 0
409 451 0
942 975 1
142 676 1
724 953 0
671 630 0
902 336 1
491 478 1
768 124 0
393 717 0
22 511 1
492 395 0
905 770 1
256 225 1
243 343 1
78 813 0
959 708 0
939 826 1
657 621 0
532 216 0
110 542 0
564 398 1
426 547 0
967 1 1
665 634 0
569 784 1
649 312 1
912 270 1
893 749 1
57 11 1
256 46 0
790 998 1
425 541 0
886 583 0
839 956 0
230 678 0
896 910 0
958 135 0
541 842 0
59 64 0
109 873 1
437 186 1
65 795 1
524 600 1
351 201 0
916 69 0
781 972 1
265 613 0
231 423 1
884 194 1
598 32 0
707 832 0
927 524 1
517 273 0
584 173 1
651 263 1
558 575 0
413 94 0
761 893 0
370 634 0
700 677 1
425 832 1
292 335 0
258 983 0
584 736 1
781 725 0
476 663 1
70 420 1
887 990 0
421 695 1
124 415 1
954 646 0
572 55 0
35 842 0
25 613 1
111 416 0
232 378 1
457 58 1
344 179 0
444 967 1
783 318 1
216 908 0
253 13 0
556 855 1
886 2 0
950 584 0
888 405 0
454 985 0
284 719 0
649 973 0
569 41 0
720 650 1
65 281 0
651 463 0
435 676 1
744 237 1
639 944 0
162 230 1
812 126 0
99 685 0
903 491 0
24 455 0
420 992 0
666 177 1
680 420 0
687 661 1
736 786 1
436 885 1
125 833 0
502 459 0
4 444 0
659 205 0
29 678 1
539 818 1
313 142 1
788 518 1
243 255 1
170 562 1
620 647 0
612 669 0
315 281 0
825 654 1
385 445 0
635 983 0
218 103 0
501 782 1
167 240 1
49 761 0
272 817 0
226 594 1
121 764 1
524 433 0
642 769 1
603 620 0
164 339 1
969 924 1
65 527 0
523 805 0
156 68 1
177 648 1
422 366 0
196 948 0
202 563 1
699 713 1
686 96 1
323 424 1
822 173 1
915 260 0
771 795 0
972 207 1
308 917 1
576 180 1
571 902 0
897 85 1
986 89 1
968 502 1
911 431 1
700 742 0
598 505 1
942 884 0
297 130 0
14 13 0
155 508 0
848 889 1
94 642 0
597 55 1
824 576 1
273 221 0
299 411 1
718 143 1
723 82 1
746 572 0
187 491 0
529 448 1
530 59 0
1 897 1
419 920 1
259 113 0
81 716 0
22 418 0
965 434 0
476 304 0
909 843 1
880 175 0
612 971 1
158 416 1
562 746 0
789 649 1
469 301 0
209 343 1
349 526 0
346 160 1
967 916 0
711 998 0
72 394 0
577 759 1
596 664 1
590 540 0
907 456 1
34 134 1
288 588 1
212 632 1
326 567 0
823 662 0
958 30 1
659 842 0
77 637 1
606 54 1
36 488 0
545 764 0
277 846 1
217 700 0
397 966 0
309 863 1
453 382 1
757 368 1
661 505 1
625 345 0
444 976 0
338 815 0
523 350 0
784 634 1
426 291 0
957 49 1
878 466 0
610 422 1
237 848 0
307 434 0
923 117 0
95 630 1
963 500 1
981 910 0
388 725 0
760 306 1
484 466 0
285 122 1
562 807 0
259 736 1
829 679 0
298 634 0
481 245 0
216 83 1
269 900 1
353 764 0
926 13 1
447 884 0
449 969 0
149 215 0
2 417 1
896 315 0
852 225 1
780 174 0
22 832 1
71 295 0
976 330 0
37 540 1
588 478 1
896 544 1
178 223 1
342 264 1
196 160 1
239 175 1
7 834 0
388 319 1
278 120 1
76 836 1
664 104 0
951 105 0
961 214 0
502 302 0
747 765 0
643 234 1
120 299 1
558 978 1
302 815 0
211 272 0
146 797 0
185 929 1
393 428 0
333 186 0
403 775 1
910 436 1
254 988 1
57 970 0
287 91 1
778 822 0
735 206 0
182 818 1
696 37 0
529 516 0
490 773 1
868 367 0
287 687 0
826 605 0
10 100 1
933 15 0
786 15 0
624 345 0
464 238 1
941 191 1
923 842 1
787 791 1
583 403 1
235 506 0
723 866 0
362 739 1
449 608 0
174 737 1
748 185 1
406 777 1
215 100 0
639 91 1
834 938 0
573 150 0
361 791 1
564 392 0
74 58 1
128 160 0
696 945 1
994 556 1
96 997 0
690 979 0
918 109 0
765 111 0
846 937 0
63 818 0
787 362 1
986 174 1
505 537 0
72 685 1
302 40 0
121 976 1
214 930 1
17 271 1
790 498 1
538 961 0
966 599 1
473 57 0
84 939 1
858 29 1
405 24 0
472 777 1
794 80 0
962 625 1
901 482 0
660 589 1
839 947 1
999 425 1
871 487 0
284 82 1
63 841 1
44 640 1
480 11 1
615 391 1
222 520 1
567 658 1
763 90 0
937 978 0
817 423 1
323 867 1
37 726 1
255 385 0
520 143 1
846 351 1
469 416 1
671 63 0
719 188 1
269 695 1
852 621 1
97 238 1
56 422 0
232 582 1
685 725 0
551 538 1
951 977 0
693 609 0
504 997 0
486 301 1
35 621 1
878 806 0
58 11 0
361 131 0
837 693 1
550 269 0
168 341 1
267 944 0
489 159 1
264 283 1
981 313 1
963 882 1
661 941 1
630 848 0
883 561 1
688 536 1
616 425 1
872 142 1
602 502 0
167 625 0
643 519 0
549 679 0
618 138 1
725 703 0
605 976 0
506 558 0
178 465 1
714 322 1
671 265 0
455 505 0
616 456 1
450 36 1
959 260 0
324 473 1
750 999 1
800 529 1
268 372 0
586 607 0
714 509 0
920 496 0
914 215 1
592 614 1
889 103 1
866 246 0
663 989 1
318 336 1
265 779 1
573 834 1
793 448 1
261 772 1
568 739 1
960 125 0
38 53 0
155 162 1
551 839 0
382 143 0
582 807 1
659 551 0
6 602 0
713 930 1
184 729 0
298 730 1
526 392 0
641 848 1
325 323 0
797 323 0
150 414 0
18 961 0
794 777 1
714 576 0
363 974 0
560 677 1
170 19 1
190 677 1
835 609 0
555 115 1
759 211 1
380 924 0
408 737 0
265 95 1
105 71 1
945 815 1
386 526 1
214 804 1
789 289 0
275 437 1
237 689 0
545 497 0
599 433 0
281 170 0
351 985 1
328 189 1
158 750 1
823 313 0
50 716 1
862 844 0
855 268 0
63 819 1
47 474 1
809 860 1
61 857 0
666 919 1
649 908 0
757 876 0
528 333 1
793 703 0
603 455 1
292 48 0
839 570 0
456 898 0
238 574 1
187 430 1
156 265 1
829 911 1
534 341 0
407 177 1
128 118 0
251 355 1
322 185 0
634 681 0
530 790 1
167 362 0
722 725 0
95 937 1
374 273 1
109 492 1
87 369 0
377 582 0
768 340 1
124 412 1
79 454 0
482 139 1
155 417 0
782 64 0
623 547 1
76 647 0
377 340 1
714 463 1
437 391 1
4 931 1
144 365 0
544 506 1
768 409 0
549 494 0
574 831 1
757 969 0
452 816 1
379 137 0
716 253 1
517 738 0
771 166 1
267 633 1
742 416 0
22 787 0
827 199 0
95 911 0
328 679 0
171 596 1
810 986 0
238 831 1
75 389 0
729 572 1
995 792 1
258 286 0
424 236 1
313 741 1
685 417 0
944 329 0
604 72 0
718 891 1
978 295 0
733 342 0
787 400 1
49 640 1
168 223 1
869 150 1
261 907 0
693 780 1
315 802 1
67 807 1
865 946 1
850 225 1
10 191 1
857 108 1
50 454 0
254 549 1
788 411 1
616 9 1
659 98 0
162 414 1
450 41 0
922 720 0
816 689 1
124 869 1
340 417 1
985 763 0
562 648 0
339 725 0
734 130 1
486 497 0
3 15 1
214 945 1
57 25 1
50 715 1
575 523 1
118 558 1
166 929 1
359 738 0
475 261 1
245 946 1
574 81 0
807 366 1
806 326 1
760 765 1
582 900 1
60 163 0
197 90 1
42 602 0
826 117 0
655 459 0
325 70 1
193 420 0
990 760 0
718 983 0
607 537 1
937 564 1
932 645 1
127 452 0
2 410 1
142 952 1
440 498 1
653 939 0
308 23 0
396 904 0
269 705 1
95 770 0
800 748 0
216 84 1
22 945 0
962 976 1
487 58 1
601 662 1
40 276 0
241 867 1
895 207 1
589 487 0
991 732 1
787 948 1
910 916 0
543 362 0
855 578 0
991 733 0
313 809 1
68 778 0
624 931 0
690 56 0
281 740 1
169 598 1
683 215 0
863 907 1
12 233 1
742 406 1
27 992 1
292 610 1
277 36 1
261 109 1
975 469 1
855 418 1
360 537 1
670 469 0
17 107 0
892 243 1
823 719 0
308 574 1
296 908 0
880 32 1
935 832 1
690 412 0
222 615 1
247 610 0
612 737 0
996 897 0
517 483 0
371 7 1
733 216 0
179 119 1
906 531 0
27 563 1
158 541 0
150 162 1
866 74 0
874 705 0
402 374 0
996 425 0
301 270 1
853 940 0
219 461 1
863 59 1
997 365 0
823 845 1
281 881 1
719 678 0
259 824 0
437 131 0
784 584 0
252 522 1
85 202 1
40 337 0
465 669 0
846 714 0
601 147 0
298 563 0
831 197 1
918 588 1
736 761 0
179 914 1
873 834 0
190 33 1
861 304 0
48 401 1
548 48 1
316 240 1
258 758 0
833 599 1
751 353 0
646 485 1
70 262 1
635 159 1
806 604 1
454 677 0
338 408 1
705 173 0
863 649 0
653 685 0
918 322 1
996 354 0
341 643 0
358 164 1
236 91 1
736 27 0
451 233 1
815 944 0
27 794 0
617 51 0
821 933 0
2 389 0
399 503 0
458 14 0
235 717 1
754 46 0
835 998 1
762 13 1
904 46 0
93 384 1
409 48 0
997 680 1
204 888 0
154 719 1
915 459 1
909 508 0
200 924 1
441 647 0
743 581 1
73 167 0
591 220 1
626 195 0
903 47 0
598 469 1
118 678 0
838 663 1
183 776 1
110 604 0
794 447 1
716 936 0
73 770 1
55 294 1
601 126 0
800 755 0
808 38 0
667 348 0
452 237 1
248 743 1
564 71 0
658 345 0
76 824 0
721 500 0
730 69 0
339 273 0
853 645 0
481 112 0
218 362 0
596 139 0
889 591 0
795 364 0
680 794 0
347 944 0
712 6 0
144 147 1
400 600 1
358 557 0
679 151 1
491 347 0
296 509 0
288 290 1
640 258 0
272 602 0
3 298 0
217 360 1
125 234 0
551 773 1
739 939 0
365 762 0
880 726 1
182 948 1
821 129 1
413 650 1
275 257 1
638 353 0
526 598 1
409 424 1
943 930 0
99 327 1
896 106 1
996 857 0
4 65 0
149 500 1
450 263 0
420 966 0
937 618 1
7 2 0
550 429 1
914 515 1
721 939 1
848 858 1
171 645 0
981 55 1
932 429 1
734 712 1
437 77 0
643 324 1
838 316 0
980 640 0
781 343 1
606 461 0
232 276 0
325 540 0
521 572 1
470 112 0
566 947 0
670 497 1
957 919 0
70 612 1
385 828 0
691 927 1
610 831 0
664 776 0
156 61 1
53 343 1
703 180 0
511 723 1
452 485 0
446 938 0
702 808 1
419 9 0
486 774 0
795 718 1
320 43 1
857 41 1
90 677 1
236 841 1
419 715 1
882 686 0
900 639 1
973 775 0
822 79 1
19 190 0
435 146 0
528 27 1
188 358 1
7 174 0
791 71 0
209 385 1
436 897 1
606 381 0
642 68 1
155 391 0
117 594 1
824 888 0
959 783 0
473 691 0
818 478 1
304 459 1
936 430 0
942 528 1
469 805 0
680 410 1
24 952 0
897 977 1
641 184 1
137 20 0
510 498 1
790 533 1
127 275 0
310 566 1
635 154 1
265 808 0
872 77 0
156 353 1
569 229 0
63 366 0
769 276 1
402 157 0
439 766 0
756 271 1
865 530 1
61 732 0
760 472 1
94 885 0
211 686 0
221 371 1
249 467 1
204 935 0
259 497 1
476 70 1
173 605 1
10 964 0
286 319 1
492 442 0
672 383 0
106 325 1
372 343 0
162 228 1
766 949 0
441 660 0
308 412 0
945 906 1
616 332 0
477 574 1
923 146 0
175 825 1
481 378 0
185 178 1
846 587 0
56 18 1
620 650 1
168 545 1
958 531 1
861 435 1
61 986 0
981 121 1
767 538 0
618 890 0
257 276 1
535 443 1
652 584 0
244 215 0
153 34 0
569 856 0
69 762 1
506 767 0
284 748 0
583 143 1
102 673 1
836 178 0
480 74 0
500 217 0
359 107 1
509 646 0
933 370 0
247 272 1
968 12 1
499 901 0
34 879 1
297 525 1
237 846 0
515 597 1
660 807 0
181 955 0
246 447 0
304 350 1
48 241 1
503 123 0
352 962 0
111 37 0
449 110 1
734 9 1
83 443 0
323 304 0
358 243 1
115 685 1
970 691 1
826 864 0
278 302 1
993 860 1
940 783 1
554 774 0
626 78 0
343 385 1
173 336 1
277 206 1
995 765 0
536 285 1
315 201 0
616 789 0
64 972 0
833 966 0
476 373 0
121 846 1
35 860 0
424 977 1
349 541 1
483 48 0
516 74 0
468 712 0
33 972 1
749 973 1
185 432 1
604 448 1
413 615 1
982 253 0
22 261 1
47 478 1
484 677 1
258 215 1
734 174 0
451 807 0
668 594 0
962 982 1
926 400 1
234 599 1
265 648 0
690 927 1
786 939 1
250 239 1
853 285 1
246 299 0
140 592 1
803 20 0
86 540 1
570 605 1
706 899 0
629 542 1
647 935 1
351 515 1
910 999 1
779 36 1
709 586 1
192 76 0
554 85 1
413 402 0
981 738 1
755 219 1
706 672 1
280 828 1
930 105 0
9 589 0
793 721 0
921 530 0
641 959 1
485 498 1
204 262 1
49 61 0
373 406 0
848 299 1
282 844 1
87 425 1
658 729 0
609 986 1
242 428 1
507 754 1
954 696 0
986 170 0
355 577 1
981 498 1
813 543 0
296 998 1
632 758 1
978 248 1
331 341 1
718 99 0
561 19 0
72 813 0
729 454 1
29 263 1
673 411 0
638 614 1
795 197 1
259 14 1
53 838 1
555 812 0
713 807 0
823 765 0
76 737 0
499 117 1
31 140 1
571 256 1
331 85 0
658 857 0
468 444 0
689 549 1
772 871 1
86 709 1
158 953 1
612 920 1
212 819 1
119 244 0
377 216 0
851 691 0
113 901 1
810 693 1
578 733 0
443 35 0
826 472 1
755 418 1
580 11 1
410 279 1
12 231 1
703 807 0
649 505 1
771 163 1
675 226 1
131 901 1
398 600 0
768 717 1
954 156 0
601 962 1
959 479 0
644 982 0
278 492 1
638 783 0
637 516 1
625 142 1
605 815 0
261 73 1
816 627 1
1 804 0
519 707 1
682 124 1
724 821 1
394 608 1
911 51 0
175 524 0
984 941 0
331 592 0
902 302 0
982 854 0
52 425 1
810 89 0
289 299 1
122 116 1
290 907 0
215 286 1
800 631 1
818 263 0
129 44 0
269 223 0
979 421 1
313 927 1
954 0 1
93 451 1
910 847 0
277 934 0
986 669 0
898 421 1
531 11 0
300 294 0
454 803 0
477 13 1
127 598 0
208 887 1
846 692 0
99 96 1
650 778 1
994 831 1
569 837 0
683 201 1
781 180 0
898 169 1
492 933 1
963 886 0
707 849 1
16 238 0
902 405 1
689 937 1
427 79 1
71 919 0
121 162 0
728 713 1
956 269 0
735 818 0
673 563 1
236 913 1
283 240 0
672 550 0
578 917 0
992 225 0
917 59 1
630 790 1
342 43 0
41 115 1
918 960 1
171 653 0
536 980 1
738 429 1
453 383 1
688 875 0
448 232 0
433 912 0
873 679 0
722 615 0
