500 3000
126 24 0
296 314 1
71 157 1
346 164 0
234 453 1
160 48 1
35 442 0
190 112 0
87 117 0
486 332 1
100 258 0
341 274 0
78 346 1
119 121 1
386 103 0
419 345 1
47 261 1
466 410 1
395 155 0
9 3 0
445 307 1
176 313 0
344 60 0
249 86 1
365 225 0
216 481 0
8 66 0
82 90 1
346 266 0
473 301 0
10 221 1
430 477 0
121 348 1
444 179 0
227 83 1
386 274 1
283 152 1
316 439 0
407 264 1
443 327 0
20 472 1
387 13 0
85 462 1
273 66 0
211 193 0
369 481 0
264 213 1
471 290 1
195 204 0
59 167 1
159 177 1
249 369 1
35 281 0
312 366 0
471 282 1
392 435 1
5 425 1
467 271 0
233 232 0
460 45 1
37 271 1
335 469 0
325 385 0
279 449 0
334 373 1
38 142 1
77 427 0
372 186 0
38 456 0
42 140 1
197 71 0
394 457 1
466 71 0
56 115 1
133 487 0
391 271 0
316 474 0
97 398 1
117 157 0
125 224 1
174 323 0
417 41 1
322 306 1
34 338 0
482 358 1
42 91 0
478 257 1
233 255 1
494 412 1
268 373 0
155 391 0
199 323 0
297 149 0
64 158 0
393 117 0
249 422 1
367 118 1
334 62 1
255 484 0
92 40 0
481 29 0
67 211 0
48 412 0
28 253 1
322 45 0
142 212 1
448 494 1
182 375 0
271 395 0
14 426 0
489 383 1
430 97 1
348 19 0
317 332 1
390 216 1
450 251 1
324 209 0
454 52 1
290 167 0
405 295 1
368 493 1
51 28 0
45 184 0
342 458 0
68 56 0
377 338 0
413 477 1
371 89 0
333 391 0
135 173 0
432 213 0
396 169 1
254 112 1
469 329 0
101 42 0
12 466 0
381 464 0
308 389 0
7 483 0
339 296 1
494 395 1
378 147 1
328 78 0
140 172 1
397 347 1
341 362 1
213 251 1
52 34 1
425 303 0
489 149 1
304 9 1
382 472 1
27 364 0
301 464 0
417 56 0
148 146 0
457 385 0
365 81 0
285 183 1
368 113 0
72 359 1
262 313 1
260 476 0
330 459 1
316 443 0
50 45 0
165 438 1
24 94 0
214 87 0
160 317 0
361 27 1
353 65 1
361 228 1
430 159 1
12 57 0
335 192 0
8 102 1
146 221 1
389 124 1
25 131 1
23 303 1
210 414 0
397 315 0
10 20 0
99 430 1
27 246 0
333 91 0
362 468 0
209 280 0
120 39 0
274 138 0
56 482 0
15 484 1
354 269 1
71 419 1
274 410 0
239 64 1
405 264 1
136 419 1
376 62 1
367 60 0
152 137 1
282 249 0
124 97 0
352 462 1
411 409 1
34 129 0
33 69 1
356 112 0
15 101 1
262 436 0
445 450 0
299 114 1
409 361 1
108 487 0
462 29 1
360 161 1
241 81 1
57 282 0
285 46 0
244 88 1
13 446 0
209 384 0
365 164 0
78 325 1
450 296 0
82 377 0
74 344 1
381 361 0
96 266 1
316 317 0
367 425 0
364 184 0
441 194 1
460 380 0
180 237 0
357 161 0
456 480 0
132 418 1
404 371 1
172 478 1
66 414 1
349 35 1
370 492 1
65 345 0
149 30 0
80 11 1
456 189 0
485 186 1
308 465 1
197 209 1
16 250 1
26 123 1
409 172 0
101 24 1
343 322 1
204 289 0
204 436 0
261 94 1
106 195 0
1 432 1
91 39 1
401 196 0
129 203 0
61 387 1
87 348 0
473 213 1
160 135 1
464 290 0
371 197 1
497 375 1
122 452 0
299 304 0
351 329 1
88 364 0
370 160 1
181 303 0
307 169 1
451 138 1
475 135 0
14 499 1
243 441 1
416 413 1
275 464 1
124 95 0
251 484 0
397 19 0
279 299 0
157 293 0
370 154 0
265 278 1
446 117 1
8 322 0
203 39 0
223 333 1
423 105 0
360 122 0
468 15 0
73 44 1
160 67 0
9 50 1
430 300 0
114 172 1
189 274 0
72 460 0
79 100 1
456 203 0
121 377 1
371 249 0
348 495 0
181 489 1
103 337 0
460 242 0
184 228 1
205 81 1
170 277 1
249 321 1
414 310 1
61 132 0
482 221 0
0 57 1
398 390 0
206 87 1
494 216 0
383 263 1
369 305 0
214 206 1
7 299 1
356 22 1
381 15 0
203 342 1
468 138 0
97 469 0
275 33 0
486 311 0
426 258 0
33 315 0
333 192 0
403 328 0
351 200 0
392 119 0
404 372 1
333 438 1
223 432 0
205 251 0
61 481 1
315 359 1
158 351 1
114 487 0
224 459 1
373 266 1
8 486 1
61 197 1
82 335 1
484 91 1
2 283 1
416 441 0
258 79 1
143 339 0
154 82 1
402 109 1
98 242 0
286 313 1
38 479 0
450 176 0
67 199 0
469 414 1
345 45 1
449 140 0
244 412 0
499 164 0
156 285 1
473 31 0
421 100 0
194 487 1
298 77 1
480 22 1
416 478 0
420 21 1
227 350 1
235 115 0
264 304 1
119 32 1
198 476 0
235 499 0
242 137 1
436 425 0
371 52 0
227 115 0
192 385 1
266 429 1
432 132 0
414 112 0
273 93 1
308 275 0
281 322 1
416 407 1
209 385 1
319 26 1
289 46 0
5 286 1
409 140 1
55 246 1
294 437 1
405 212 1
439 13 0
163 17 0
412 242 1
74 373 1
269 332 1
496 200 0
438 137 1
386 71 1
112 373 0
193 498 1
318 484 1
58 34 1
487 251 1
267 243 0
202 134 1
121 45 0
165 119 0
170 300 0
258 322 1
175 295 1
485 157 0
10 387 1
477 251 1
83 410 0
316 138 1
426 121 1
488 364 1
16 278 1
440 242 1
396 386 0
323 196 1
302 32 1
349 149 1
39 318 1
254 282 0
356 415 0
391 192 0
492 450 1
411 271 0
123 168 1
389 405 0
157 86 0
8 415 1
59 4 1
118 239 0
369 445 1
61 235 1
396 417 1
159 299 0
35 217 0
96 447 0
292 35 1
109 40 0
73 80 0
119 423 1
30 397 1
59 111 1
378 17 1
298 473 0
54 324 0
44 180 0
451 474 0
498 196 0
495 94 1
456 433 0
251 9 1
149 217 1
5 106 0
445 79 0
440 351 0
72 259 0
440 190 1
136 141 1
332 72 1
123 219 0
463 385 1
254 346 0
99 167 1
403 91 1
451 244 1
209 357 0
200 64 0
120 306 1
35 461 0
478 176 1
353 214 0
191 94 1
195 245 1
132 67 1
255 412 1
116 173 0
97 66 1
74 456 0
80 179 1
52 58 1
177 156 1
229 433 0
419 304 0
173 293 0
231 121 0
276 366 1
170 292 0
214 338 0
456 36 1
413 407 0
229 146 1
406 316 1
224 249 1
280 165 1
123 306 1
33 148 1
269 155 0
454 371 0
59 169 1
242 380 0
469 213 1
144 460 1
457 317 1
25 313 0
33 142 0
254 386 1
177 67 0
440 387 0
118 459 1
5 20 1
55 169 0
297 217 1
497 248 0
238 353 0
357 135 0
174 285 0
210 347 0
448 461 1
491 19 1
233 396 1
443 311 1
488 314 1
167 70 1
62 483 0
178 47 0
247 485 0
141 465 0
150 73 1
230 190 0
275 465 0
102 335 1
499 327 0
408 284 1
118 45 0
317 154 0
74 401 0
263 345 1
238 493 1
78 365 1
160 158 1
350 373 0
46 166 0
161 109 1
334 145 0
219 112 0
441 272 1
62 74 0
130 143 0
99 249 1
36 270 0
309 426 0
430 9 0
431 484 1
216 467 0
77 63 0
305 71 1
397 446 0
353 304 1
401 226 0
56 330 0
191 63 0
208 251 0
494 29 1
84 404 1
384 206 1
464 164 0
13 164 1
409 387 0
5 245 0
217 352 1
358 191 1
300 139 0
212 275 1
2 53 0
400 4 1
140 395 1
278 92 0
499 307 0
52 44 0
481 391 0
81 352 1
374 232 1
348 231 1
216 39 1
293 412 1
70 237 0
240 307 0
42 494 1
214 384 1
208 429 0
442 437 1
223 119 1
394 317 1
30 164 0
125 222 1
349 170 0
478 266 1
263 348 0
427 148 0
468 274 1
422 303 0
25 288 1
429 126 1
359 256 0
87 109 1
491 338 1
308 142 1
182 362 1
348 377 0
247 160 1
238 249 0
391 216 1
259 75 0
166 336 1
185 485 1
215 409 1
154 312 0
269 397 0
171 211 0
67 144 1
367 57 0
145 455 1
136 38 0
308 292 0
71 206 0
495 177 0
447 188 1
14 121 0
426 432 1
325 73 0
241 148 1
315 13 0
471 398 0
214 246 0
40 272 1
77 47 0
280 206 1
90 357 0
374 102 0
443 3 1
407 4 1
146 193 0
317 498 0
254 426 1
317 163 1
249 213 0
244 60 1
83 260 0
344 132 0
124 157 1
138 101 0
122 109 1
214 363 0
123 194 1
308 11 1
218 336 1
37 14 1
73 192 1
59 115 0
334 490 0
201 495 0
6 381 0
450 211 0
472 288 1
228 458 1
245 25 1
445 55 1
23 156 1
474 160 0
399 150 1
371 379 1
212 473 0
435 13 1
7 162 0
210 448 1
294 73 1
97 8 0
199 285 0
475 214 0
228 242 0
479 69 0
459 12 1
325 444 0
150 418 0
289 177 0
423 75 1
75 438 0
79 477 0
443 377 0
77 193 0
200 117 0
212 141 0
150 442 0
64 359 0
210 261 0
36 310 0
327 173 0
142 496 1
473 78 1
275 321 0
411 39 1
404 182 0
444 422 1
411 351 1
205 99 1
251 264 0
165 397 0
23 204 1
128 432 1
361 314 0
350 379 1
37 224 1
10 315 0
374 110 1
120 364 0
370 75 1
152 40 0
484 306 0
211 146 0
252 323 1
254 383 1
170 346 0
118 61 1
390 152 0
366 184 0
108 233 1
446 486 0
356 483 0
421 51 1
43 415 1
60 305 0
454 227 1
0 197 1
279 205 1
243 90 0
271 462 0
294 442 0
85 29 0
365 403 1
445 410 1
62 140 1
163 452 0
22 432 0
142 28 0
338 485 1
485 23 1
89 227 0
170 297 1
222 70 1
0 55 1
27 144 0
414 8 1
212 60 0
159 354 0
325 150 0
163 334 1
377 65 1
151 228 0
105 239 1
30 78 0
402 220 1
226 455 1
90 360 1
185 408 1
171 77 0
442 63 1
286 25 0
37 116 0
452 134 1
313 218 1
445 284 0
477 129 0
453 279 0
478 407 0
39 310 0
33 172 1
119 175 0
160 219 1
386 80 0
436 183 1
262 37 0
128 41 1
19 495 0
484 310 0
413 326 0
426 491 0
451 154 0
181 127 1
180 84 1
389 60 1
344 496 1
468 48 1
52 263 1
330 409 1
122 458 0
233 482 0
496 269 1
205 147 0
223 431 0
0 227 1
200 260 1
299 61 1
470 39 1
221 196 1
42 182 0
497 486 1
488 134 0
279 409 0
156 289 1
160 450 0
418 263 0
41 76 1
323 156 0
379 44 1
362 388 0
80 353 1
171 114 0
408 115 0
417 320 1
143 383 0
336 288 1
284 240 1
417 437 0
489 333 0
174 211 1
12 169 1
165 239 0
448 481 1
249 156 0
209 255 0
265 49 1
187 146 0
172 274 1
298 200 0
372 93 0
473 321 0
119 132 1
491 133 0
401 490 0
335 414 0
298 308 0
136 78 1
404 34 0
245 49 1
178 80 1
372 466 1
204 166 0
333 144 1
47 146 1
188 237 1
10 199 0
125 68 0
330 386 0
332 13 1
26 415 1
327 121 1
354 464 0
139 252 1
433 190 1
494 248 1
461 271 0
139 281 0
356 453 0
30 207 1
349 203 1
181 356 1
408 14 0
40 220 1
171 238 0
16 225 1
115 185 0
126 3 1
237 304 1
89 253 1
183 177 0
51 321 1
308 319 1
463 431 0
492 49 0
303 88 1
418 377 1
233 358 1
228 135 0
160 102 1
78 292 0
440 36 0
38 12 1
233 198 1
316 166 0
365 382 0
453 449 0
340 399 1
465 136 1
445 438 0
455 62 0
103 178 1
234 405 1
362 215 1
168 329 0
219 186 0
227 52 1
479 144 0
444 287 1
244 189 1
94 17 0
12 477 1
438 144 0
102 110 0
33 262 1
151 495 1
399 103 1
477 50 0
190 123 0
415 79 1
201 156 1
87 291 0
458 259 0
291 355 0
78 5 0
202 288 0
0 491 0
263 377 1
433 168 0
454 3 0
201 207 1
99 211 1
260 397 1
115 336 0
104 178 0
323 498 1
171 378 1
308 212 1
82 64 0
55 93 0
61 432 1
153 116 0
226 456 0
312 215 0
279 438 1
298 120 0
10 242 1
7 446 1
188 88 0
233 224 1
392 189 0
140 397 0
488 272 1
214 54 0
23 88 1
213 133 0
344 71 0
240 75 1
437 178 1
174 11 0
142 135 0
180 404 1
238 44 0
352 310 1
229 7 1
57 497 0
155 448 1
206 493 1
45 293 0
33 328 1
450 194 1
76 22 0
64 351 0
74 296 0
472 245 1
42 341 0
19 418 1
496 100 0
151 418 0
396 68 1
341 215 1
26 490 1
127 191 0
214 368 0
465 304 0
358 396 1
147 365 0
69 212 1
56 50 0
386 68 0
426 377 0
489 133 1
189 123 1
236 270 1
422 118 1
367 273 1
492 77 1
319 262 1
70 368 1
350 344 1
28 347 0
404 424 0
479 92 0
473 405 0
276 360 1
331 88 0
281 404 0
283 122 1
389 465 1
378 290 1
345 432 0
384 423 0
338 263 1
337 444 0
468 168 1
214 85 1
125 344 1
116 403 0
31 332 0
257 460 0
292 300 1
184 259 0
169 115 0
403 333 1
309 380 0
379 240 0
476 96 0
342 144 0
307 284 0
121 491 0
256 295 1
365 30 1
359 164 1
277 127 1
282 60 0
34 0 1
424 350 1
492 130 1
381 216 0
212 91 1
432 327 1
308 33 1
372 51 1
36 469 0
494 481 0
36 268 0
277 201 0
443 121 1
90 161 0
12 158 1
130 243 1
457 199 1
435 414 1
33 381 1
443 468 1
10 389 0
450 151 0
195 25 1
135 157 0
380 137 1
454 302 1
367 249 0
37 19 0
83 132 0
457 443 0
267 295 0
57 348 1
0 89 0
73 39 0
352 251 1
428 382 0
38 468 0
262 142 1
387 397 1
393 387 0
394 236 0
176 252 1
350 58 0
15 182 1
224 24 1
116 481 0
423 91 1
378 483 1
193 427 0
165 384 0
181 238 0
148 77 1
95 293 1
373 429 1
209 497 0
179 437 1
340 294 0
238 407 1
466 321 0
314 257 1
108 37 0
163 43 1
391 467 0
241 295 0
364 228 0
481 232 0
410 368 0
198 237 1
230 7 0
385 248 1
134 109 1
445 45 0
406 276 0
231 485 0
186 132 1
84 89 1
263 88 1
46 323 0
358 146 1
284 14 1
85 272 1
62 433 1
479 20 0
334 176 1
334 6 0
349 186 1
351 13 0
338 86 0
409 492 0
104 270 0
183 204 0
76 68 1
233 330 1
18 100 1
312 158 0
408 256 1
253 326 0
74 253 0
3 373 0
185 307 0
307 480 1
310 91 0
250 92 0
251 17 0
304 126 1
38 141 1
54 467 1
63 94 1
93 135 1
332 329 0
187 63 0
97 309 1
147 458 1
253 15 0
424 44 1
42 409 1
177 122 0
309 260 0
308 473 1
126 477 1
299 378 1
52 404 0
456 461 0
248 50 0
153 181 1
392 415 1
12 476 0
281 489 1
224 76 1
367 419 0
495 342 1
18 304 0
440 98 1
348 251 1
60 419 0
292 186 0
370 407 0
217 424 1
190 184 1
452 90 1
341 39 1
449 198 1
210 124 0
181 60 0
83 131 1
262 212 1
50 120 0
480 55 0
213 129 0
189 309 1
376 26 1
64 98 1
292 200 0
79 47 1
266 100 1
82 443 0
19 65 1
370 326 0
268 469 0
265 126 1
474 303 0
112 208 0
47 193 0
93 445 0
445 310 1
14 267 1
470 192 0
374 469 1
6 62 0
123 176 1
129 126 0
131 202 0
129 258 1
30 170 1
366 158 1
430 488 0
372 350 1
147 238 1
40 161 1
356 368 1
89 44 0
6 282 0
114 469 0
313 195 1
339 416 0
38 26 1
304 148 0
244 474 1
14 469 0
351 359 1
65 383 1
83 497 0
389 142 0
234 417 1
26 169 0
314 106 1
306 463 1
230 231 1
49 382 1
57 324 0
206 393 0
133 193 1
298 297 0
413 339 1
439 322 0
64 486 1
244 293 0
370 316 0
65 231 1
348 426 1
168 467 1
19 438 0
252 186 1
139 188 0
34 180 1
430 171 0
300 30 1
346 292 0
59 408 1
221 127 0
145 74 0
268 124 0
294 327 0
82 498 0
329 271 0
75 460 1
175 53 1
53 357 0
267 22 1
313 283 0
60 263 1
153 422 1
136 297 0
125 133 0
58 51 1
220 184 0
435 266 0
273 111 1
138 493 0
392 498 1
449 347 1
12 61 1
194 416 0
62 137 0
143 79 1
482 261 0
267 21 0
111 385 1
335 95 0
159 261 1
149 293 0
40 402 1
68 254 0
487 100 0
0 350 0
183 495 0
65 186 0
352 458 1
417 330 1
99 464 1
159 72 0
201 302 1
60 249 0
214 188 0
443 451 0
141 127 1
59 499 0
141 262 0
410 301 1
184 342 1
31 38 1
8 242 1
60 475 1
96 113 1
283 402 0
123 334 0
73 227 1
442 104 0
171 159 0
242 259 0
55 59 1
160 28 0
234 349 1
453 486 1
10 106 1
435 43 0
172 198 0
423 467 1
302 424 0
277 421 1
321 369 0
251 266 0
295 204 1
372 58 1
65 485 0
61 301 1
12 475 1
147 177 1
289 303 1
298 319 1
485 345 0
185 273 0
273 110 0
6 305 0
99 124 1
281 349 0
489 461 1
389 386 1
393 315 0
455 242 0
430 118 0
244 484 1
356 147 1
73 201 1
90 2 1
490 380 0
223 214 0
60 144 1
425 166 1
116 19 1
371 282 0
254 330 0
128 125 0
414 187 0
313 225 1
59 208 0
258 112 0
30 277 0
108 254 0
485 331 0
231 377 1
138 495 1
444 151 1
490 453 1
67 156 0
227 321 0
79 251 1
2 220 0
372 421 1
52 304 0
220 90 1
267 169 1
261 127 1
298 496 1
133 126 1
490 356 0
442 179 0
169 185 0
307 55 1
203 246 0
48 182 0
146 191 1
235 284 1
287 337 1
328 365 0
31 142 1
486 117 0
37 149 0
68 103 1
35 58 1
140 48 0
141 301 1
111 198 1
166 452 1
4 257 0
480 273 0
143 373 0
497 423 0
138 361 1
211 191 0
201 325 0
50 137 1
6 24 0
62 477 1
396 108 0
443 64 0
286 278 0
443 62 0
454 429 1
38 199 1
229 401 1
212 38 0
37 258 1
462 232 1
447 167 0
234 274 1
499 102 1
359 397 1
259 144 1
196 148 1
53 90 1
246 458 1
71 156 1
386 241 1
165 315 0
381 193 0
188 375 1
407 492 1
79 112 0
186 19 0
95 43 1
274 187 1
143 441 1
110 268 1
415 110 0
114 412 0
314 243 0
128 277 0
430 199 0
372 379 0
258 304 0
178 150 1
482 224 0
173 228 0
229 74 1
444 331 0
21 8 0
349 343 0
159 181 0
395 342 1
28 172 0
379 209 1
198 9 1
92 225 0
273 435 0
424 379 1
57 471 1
463 91 1
254 222 1
453 116 0
314 94 1
490 229 1
121 157 1
440 439 1
230 455 0
90 122 0
106 177 0
180 51 0
123 392 1
381 138 1
480 2 1
199 23 0
388 42 1
183 67 0
200 158 1
81 149 0
65 338 0
131 152 1
493 198 0
392 348 1
388 274 0
110 420 1
18 194 1
270 63 1
353 424 1
58 424 0
440 443 0
276 436 1
405 31 1
204 174 1
386 222 0
70 96 0
219 190 0
326 450 1
390 271 0
55 102 0
444 104 0
222 76 0
453 42 0
117 332 1
459 458 1
22 4 0
477 112 0
8 216 0
15 28 0
317 57 1
373 258 0
406 487 1
465 86 1
81 281 1
337 399 1
373 211 1
334 230 0
486 485 0
239 214 0
215 255 0
346 333 0
106 382 0
263 252 0
335 110 1
475 423 0
494 333 0
450 278 0
487 429 1
296 143 1
71 367 1
439 385 0
297 320 0
30 158 1
326 242 1
197 422 0
189 415 0
76 258 1
292 139 1
411 468 1
57 481 1
291 83 1
378 436 0
417 108 0
202 109 1
417 222 0
394 316 0
178 65 1
317 362 0
335 420 1
264 429 0
415 210 0
241 399 1
379 353 1
121 485 0
201 294 1
23 259 1
319 303 0
163 77 0
332 448 0
150 179 1
405 303 1
365 132 1
241 432 0
19 47 1
42 448 1
434 221 0
99 126 0
421 52 1
277 321 1
21 309 0
115 53 1
433 123 1
25 278 1
360 288 1
212 396 1
137 184 1
218 5 1
8 269 0
361 468 0
343 385 0
471 60 0
356 162 0
103 369 0
490 43 0
303 285 0
153 449 0
80 322 1
111 480 0
145 175 0
82 394 0
361 140 1
449 182 0
216 333 1
127 270 0
171 419 0
142 298 0
424 447 0
75 458 1
9 266 0
179 294 0
43 210 0
359 290 0
80 302 0
446 359 1
147 350 1
78 397 1
166 11 1
315 446 0
190 384 0
76 274 1
190 456 1
354 205 0
384 175 0
93 447 0
346 489 1
110 95 1
428 495 0
265 16 0
327 377 1
105 223 0
58 488 1
316 192 1
364 293 0
66 94 1
327 186 0
9 213 1
322 385 1
109 220 1
407 151 0
476 32 0
83 324 1
394 440 1
207 179 1
389 33 1
392 484 1
450 18 1
378 321 0
391 329 1
247 373 1
15 215 1
465 473 0
457 247 0
130 339 1
476 493 0
226 334 1
170 129 0
432 252 0
53 220 1
449 126 0
20 218 0
223 280 0
141 479 0
69 43 1
344 70 1
384 497 0
279 64 0
234 138 0
212 31 0
399 463 1
489 35 1
488 14 1
170 294 1
412 173 1
359 117 1
499 143 1
249 197 0
267 499 0
249 419 1
317 247 1
492 4 1
32 188 0
76 151 0
210 485 0
455 392 1
180 258 0
23 174 1
142 392 1
485 418 1
123 326 0
64 446 1
88 323 1
465 74 0
362 172 0
477 9 0
478 146 0
1 300 1
415 309 1
1 128 1
450 9 0
94 427 1
163 457 1
176 130 0
37 222 0
314 176 0
461 85 0
130 193 0
38 298 0
5 313 1
136 217 0
429 79 1
394 276 0
353 421 1
415 268 1
376 43 1
171 147 1
339 187 0
331 323 1
475 368 1
105 83 0
30 493 1
212 117 1
126 264 1
150 340 1
408 267 0
304 429 0
212 10 0
317 117 1
407 450 1
138 362 1
233 369 0
324 291 1
388 385 0
74 321 0
74 483 0
264 427 1
59 14 0
12 249 1
251 129 0
434 103 1
492 339 0
222 41 1
137 259 1
333 395 0
182 296 0
239 75 0
102 63 1
210 374 1
154 132 1
199 436 0
441 498 1
99 412 0
250 5 0
4 130 0
162 17 0
312 140 1
351 157 0
382 79 1
374 137 0
149 342 0
104 118 0
274 137 0
2 122 1
113 476 1
330 224 0
230 29 1
435 8 1
325 148 1
447 410 1
282 466 1
464 167 1
56 41 0
455 26 1
346 116 0
395 481 1
155 29 0
436 156 0
9 79 0
66 374 1
36 210 0
282 459 0
276 443 0
132 327 1
350 371 1
172 468 1
309 270 0
483 114 0
181 185 1
389 136 1
33 211 0
359 200 1
143 176 0
290 410 0
330 216 0
56 197 0
481 91 1
490 248 1
297 232 1
481 168 0
82 242 1
221 498 0
444 0 1
116 464 1
78 404 1
184 173 1
168 363 1
58 3 0
247 276 1
384 398 0
244 413 1
429 318 0
162 453 1
437 46 0
222 224 1
314 413 0
304 322 1
19 377 0
326 18 1
470 45 1
247 94 0
207 496 1
96 290 1
394 124 1
292 447 0
294 491 1
180 89 0
218 250 1
496 324 0
366 57 0
35 149 0
12 54 0
299 89 1
205 18 0
73 277 0
208 258 0
317 474 0
174 331 0
215 458 1
321 367 0
37 386 1
18 492 1
98 13 0
432 184 1
145 392 1
339 450 0
233 222 1
160 264 1
49 195 1
55 488 1
53 288 1
386 92 0
320 428 1
393 347 0
483 153 1
317 443 0
376 219 1
380 173 0
365 477 0
153 335 0
206 83 1
31 190 0
329 216 1
392 401 1
225 320 0
268 50 1
163 418 1
407 314 0
362 148 1
352 297 0
230 169 0
102 415 1
93 53 0
354 454 0
106 25 1
187 24 0
233 1 1
361 333 1
465 110 1
218 285 0
12 499 1
292 297 0
413 92 0
119 27 0
12 422 0
149 338 1
405 433 0
445 326 0
189 376 0
87 355 0
39 192 1
481 271 1
97 335 1
310 255 0
421 0 1
55 124 0
170 328 0
418 3 0
115 65 1
244 471 0
303 183 0
146 261 0
286 218 1
304 133 0
371 264 0
2 131 0
404 348 0
330 345 1
191 187 0
391 232 0
357 283 1
337 121 1
473 136 0
181 7 0
378 450 1
465 319 0
423 375 0
367 488 0
8 268 1
281 120 0
83 40 0
283 109 0
366 244 0
421 404 0
165 324 0
222 488 0
471 129 1
359 486 1
143 492 0
370 450 0
27 228 0
217 292 0
236 211 0
143 450 1
161 134 1
322 27 0
203 484 1
194 228 0
326 364 1
396 253 0
132 17 0
479 61 0
331 199 1
182 400 0
37 310 0
125 107 0
384 239 0
208 213 0
411 315 1
312 276 1
70 495 0
483 460 0
8 43 0
140 11 0
160 457 1
362 188 0
205 295 0
468 70 1
300 281 1
403 81 0
449 237 1
147 430 1
432 348 1
8 36 0
177 88 0
406 422 0
176 45 1
158 393 0
144 75 0
234 308 1
238 279 0
464 96 0
166 88 1
245 106 0
102 186 1
361 176 0
40 288 1
48 400 1
243 413 0
115 111 1
341 411 1
272 122 1
168 220 0
226 165 0
403 352 0
170 35 0
252 491 1
4 243 0
400 194 1
311 72 0
423 54 0
330 104 1
69 349 0
15 32 1
6 400 0
275 389 0
24 146 0
434 248 0
266 79 1
39 484 0
77 191 1
297 34 0
89 348 1
146 196 0
89 422 0
101 187 1
381 28 1
381 140 0
328 494 0
119 246 1
86 144 0
267 383 0
479 262 1
110 66 0
45 135 1
188 113 0
296 213 1
168 395 1
128 480 1
277 104 0
487 112 1
344 422 0
350 151 1
212 369 1
450 487 0
269 387 1
459 57 1
429 258 0
445 499 1
237 301 0
362 361 0
50 470 1
305 121 1
100 264 0
467 395 0
457 42 1
127 427 1
262 188 0
334 309 1
398 155 0
204 342 1
253 172 1
438 173 0
267 208 0
337 277 1
277 287 0
28 467 0
291 223 1
261 77 0
62 226 0
361 70 0
428 106 0
160 451 0
65 183 1
116 16 0
218 90 0
493 188 0
430 453 0
4 320 1
297 329 1
474 385 1
430 341 0
406 244 0
66 95 0
149 265 1
24 148 1
181 260 0
226 252 0
475 291 1
482 1 1
44 214 0
478 492 1
163 274 1
114 153 1
432 383 0
409 259 1
457 215 0
451 257 1
54 209 1
165 175 0
189 490 0
213 107 1
83 467 0
54 475 1
204 331 0
364 86 1
55 22 1
380 75 0
113 447 0
498 191 0
268 329 1
99 57 0
129 487 1
388 138 1
249 496 1
239 463 0
339 243 0
38 203 0
230 341 0
375 476 0
56 104 1
312 95 0
254 121 0
10 473 0
177 46 1
122 202 1
430 153 1
299 464 1
41 386 1
62 193 0
35 297 1
377 174 0
45 458 1
322 39 1
164 79 1
59 242 1
327 151 1
98 345 0
158 347 1
41 254 0
102 210 0
309 95 0
309 124 0
315 117 0
445 435 1
233 343 1
209 375 0
269 72 1
457 282 1
409 48 0
331 303 1
328 481 0
362 15 1
473 69 0
124 420 0
150 80 1
150 77 0
465 45 1
279 159 1
228 293 1
100 107 0
15 42 1
334 223 1
8 477 0
403 489 0
243 478 1
254 37 0
433 6 1
295 198 1
378 205 0
29 288 0
172 407 0
454 301 1
409 228 1
0 454 0
303 204 0
20 106 0
195 495 0
81 426 1
90 152 1
142 136 0
219 226 0
396 28 0
155 363 1
154 74 1
419 197 0
298 470 0
353 52 0
206 324 0
98 347 1
361 476 1
38 275 0
153 371 0
234 142 0
274 28 1
326 194 1
280 83 0
321 71 1
22 184 1
439 336 1
490 226 0
340 50 0
136 145 1
431 343 0
285 45 1
144 412 1
279 210 0
128 263 1
99 63 1
67 23 1
33 403 0
22 115 0
450 266 0
296 278 1
250 245 1
360 2 1
187 193 0
346 245 1
246 385 1
61 60 0
418 491 0
341 143 1
450 112 0
257 441 1
141 106 0
250 174 1
29 168 1
145 123 1
124 110 1
282 185 1
93 499 0
394 72 1
134 2 1
425 285 1
219 120 1
445 273 1
359 329 1
472 106 1
31 298 0
179 325 0
212 249 1
410 375 1
241 382 0
194 348 0
273 267 1
430 162 0
203 322 1
360 40 1
121 19 1
66 213 1
492 416 1
347 13 0
87 188 0
425 23 0
473 315 1
179 23 0
167 410 1
233 37 1
172 388 0
182 253 0
154 316 0
269 393 1
197 471 0
38 92 1
334 492 1
136 300 1
407 458 1
313 278 0
164 256 1
472 320 1
229 376 1
210 173 1
228 75 1
107 470 0
149 418 1
256 70 1
57 466 0
448 85 1
19 263 0
237 256 0
437 91 1
369 57 0
409 341 0
429 270 0
424 454 0
211 94 1
60 395 0
35 39 1
425 323 0
363 461 0
307 14 1
16 428 0
192 322 0
277 178 0
89 404 1
230 309 1
172 42 0
396 398 0
200 293 0
11 45 1
341 468 1
136 322 0
206 45 1
398 461 1
194 426 0
336 402 1
25 382 1
234 493 0
166 156 1
497 239 1
394 62 1
451 440 0
246 50 1
61 169 1
111 185 0
226 445 0
175 475 1
87 239 1
219 230 0
450 283 0
99 356 0
413 130 1
273 3 1
31 389 1
422 305 0
419 282 0
277 207 1
467 398 1
445 107 1
351 432 0
299 430 1
434 201 0
7 430 0
124 63 0
319 127 1
376 6 0
118 380 0
453 43 0
196 47 0
467 494 1
230 232 1
193 236 1
37 56 0
292 30 1
356 126 0
387 315 1
172 166 0
211 187 0
481 462 1
271 39 1
408 22 0
420 98 0
75 242 0
81 85 1
489 300 1
139 351 1
239 209 0
88 495 1
34 424 0
446 72 0
279 184 1
415 258 1
401 462 1
472 25 1
250 265 1
307 251 1
279 114 0
80 437 0
477 270 1
307 133 0
39 248 1
215 182 1
75 173 0
449 114 0
106 49 1
492 314 0
307 441 0
284 335 0
486 397 0
401 137 0
10 415 0
130 441 0
422 460 1
206 345 0
255 91 1
466 422 1
316 67 1
319 1 1
205 356 1
241 278 1
468 368 0
452 109 1
82 57 1
237 107 1
409 15 0
403 29 0
290 368 1
123 162 1
379 377 1
258 343 0
194 478 1
439 457 1
34 227 1
314 472 0
235 22 1
416 231 0
282 173 1
319 31 0
449 282 1
150 498 0
260 98 0
251 258 1
374 420 0
447 198 1
160 163 0
300 371 0
414 95 0
389 208 1
160 316 1
149 58 1
60 57 1
95 97 0
216 85 1
153 453 1
437 277 0
140 468 1
195 428 0
357 40 0
185 93 1
134 288 0
330 241 1
388 182 1
306 310 0
95 77 1
57 344 0
326 257 0
392 28 1
245 218 1
376 184 0
317 192 1
167 256 1
6 185 1
417 477 1
490 411 1
359 311 1
415 461 0
359 32 1
23 24 0
84 51 0
85 494 1
268 435 0
183 174 1
298 479 1
298 33 0
226 74 0
38 42 0
144 380 0
339 196 0
230 456 1
300 3 0
474 9 0
248 203 0
151 491 1
170 248 1
473 356 1
145 6 1
153 171 1
22 169 1
253 361 0
357 288 1
306 385 1
145 490 1
396 198 1
448 398 1
431 470 1
6 74 0
263 231 0
498 17 1
208 133 0
27 385 0
355 239 1
1 222 0
73 207 1
220 360 0
272 53 0
401 252 1
373 304 0
150 261 0
259 173 1
307 121 0
125 417 0
394 343 0
96 477 1
378 449 1
279 354 0
147 289 0
153 257 1
266 258 1
323 228 1
206 54 1
288 452 0
240 488 0
440 366 1
383 191 0
361 364 0
217 137 0
317 158 0
21 435 1
363 448 1
308 106 0
93 235 1
432 491 1
184 135 0
234 33 1
152 360 1
95 446 0
217 168 1
219 490 0
343 50 1
155 144 0
339 441 1
229 314 0
291 255 0
17 77 0
7 356 0
238 449 1
14 256 1
273 169 0
182 468 0
220 288 0
270 47 0
430 412 0
444 340 0
59 445 1
214 209 0
291 105 0
124 269 0
482 428 0
410 237 0
318 385 1
240 432 0
418 252 1
323 166 1
177 323 1
18 416 1
434 327 1
389 429 0
194 208 0
473 141 1
454 51 0
454 89 0
200 311 0
159 483 1
378 453 0
268 27 0
249 175 0
435 36 0
273 90 0
116 81 1
297 349 1
486 351 1
141 135 0
441 478 0
436 177 1
422 22 0
479 389 0
13 390 1
6 384 1
29 184 0
162 450 0
322 470 0
276 112 0
419 177 0
374 3 0
94 193 1
482 12 0
265 429 0
279 242 1
131 134 1
319 261 1
294 249 1
136 195 1
474 471 0
299 427 1
478 18 1
455 433 0
166 183 0
212 286 0
281 306 1
443 436 0
252 426 1
317 440 0
94 221 1
80 442 0
401 27 1
229 494 0
10 422 1
158 295 0
33 114 1
296 243 0
356 260 1
176 18 0
262 228 0
13 397 1
460 137 1
474 332 0
128 396 1
499 112 1
469 77 0
367 112 0
287 179 0
496 466 0
91 248 0
363 438 1
403 207 1
241 186 0
217 259 1
378 197 0
330 358 1
51 350 1
354 364 0
276 18 0
247 66 0
193 127 1
255 318 1
493 237 0
388 411 0
190 79 1
73 340 0
459 422 0
186 491 1
51 223 0
205 129 1
424 89 1
4 109 1
209 348 1
74 318 1
226 435 0
97 168 0
238 162 1
306 50 1
32 464 0
360 336 1
291 54 0
137 364 1
256 113 0
488 463 0
314 194 1
473 167 0
153 238 1
40 157 0
35 139 0
190 216 0
166 285 1
201 187 1
318 463 1
284 115 1
305 332 0
125 233 0
0 404 1
112 246 1
387 200 1
81 287 1
444 399 0
366 452 1
225 245 0
275 250 1
386 224 1
365 170 0
498 427 0
200 377 0
129 112 0
262 234 1
302 422 1
417 129 1
430 205 0
185 14 0
324 214 1
79 487 0
260 332 1
240 2 0
74 175 0
405 156 1
121 151 0
376 327 0
424 421 0
145 499 0
39 463 1
241 482 1
261 427 1
57 166 0
206 198 0
212 42 0
496 471 1
239 291 1
35 180 0
31 184 1
392 270 1
111 412 1
26 468 1
311 397 0
11 199 1
294 17 1
69 10 1
267 377 0
335 377 0
414 110 1
48 77 1
44 371 1
368 167 1
72 348 0
118 12 1
37 250 1
378 380 0
317 244 0
338 327 0
465 164 1
319 428 0
171 279 0
217 170 0
194 377 0
219 121 0
208 126 0
370 440 1
150 65 1
400 18 0
286 265 0
87 260 0
459 54 0
7 279 0
474 370 1
151 204 0
354 483 1
273 129 0
53 360 0
55 273 0
176 441 0
102 97 0
163 312 1
420 43 0
409 301 1
370 129 0
333 39 0
9 17 0
38 208 1
337 498 1
479 473 0
391 203 1
88 156 1
29 333 1
24 127 1
1 187 0
84 0 1
447 323 0
411 48 1
406 341 1
152 452 1
189 223 1
44 388 1
312 90 1
427 17 0
440 62 1
146 427 0
262 215 1
331 46 0
381 172 1
438 228 0
31 234 0
127 236 1
276 160 0
374 124 1
349 372 0
452 161 0
336 460 0
104 337 1
69 279 1
335 210 1
455 21 0
428 336 1
134 53 0
466 305 1
104 434 1
4 122 0
476 237 0
98 158 1
340 348 1
141 322 1
185 59 1
6 398 1
203 310 1
38 282 0
499 246 1
32 493 0
230 367 1
337 150 0
472 278 1
496 282 0
181 21 1
471 71 1
316 374 0
334 211 1
345 380 0
408 32 0
420 435 1
247 429 0
137 157 1
57 419 1
472 266 1
397 117 0
332 228 1
116 106 0
58 493 1
308 172 1
358 197 0
21 414 1
70 301 1
119 135 0
32 237 1
149 78 1
162 194 0
20 286 1
445 43 0
383 231 0
348 252 1
80 348 0
333 246 1
81 292 1
72 260 1
107 266 1
16 92 1
104 120 0
235 14 1
163 184 1
10 405 0
313 265 0
288 228 0
354 171 1
246 192 1
43 98 1
14 55 0
265 166 0
176 400 0
490 157 0
165 105 1
352 78 0
244 182 0
58 264 0
401 145 1
224 418 1
423 203 0
1 138 0
390 357 1
411 381 1
191 24 1
156 425 1
384 87 0
386 358 0
347 269 0
8 246 0
281 44 1
428 286 1
407 126 0
440 154 0
11 63 0
305 301 1
190 36 0
175 324 1
298 262 0
349 431 1
198 290 0
281 250 1
399 434 1
55 435 0
118 173 1
334 61 0
438 242 0
248 318 0
405 136 0
483 205 0
398 391 1
469 420 1
366 74 0
459 321 1
69 298 1
371 291 0
413 400 1
300 403 0
80 427 0
453 113 0
433 376 1
123 74 0
232 329 1
235 377 0
375 295 1
496 12 0
189 356 1
371 51 1
443 259 0
105 497 1
191 193 1
416 296 0
293 184 0
374 121 1
185 416 0
353 476 1
172 193 1
336 131 0
81 379 1
389 376 1
66 43 0
24 211 0
442 491 1
248 343 1
390 29 1
320 195 1
498 146 0
182 381 0
54 70 0
299 238 0
302 421 1
241 107 0
287 496 0
463 470 0
415 124 1
341 172 0
466 197 1
216 203 1
269 98 1
81 489 1
151 231 1
131 360 1
68 328 1
48 17 1
61 305 1
419 199 1
152 288 1
202 220 1
10 486 0
321 422 1
121 75 1
140 341 0
316 161 0
270 196 0
197 184 0
321 197 1
366 439 0
12 304 0
230 433 1
355 105 1
130 326 1
124 21 1
375 198 1
466 129 1
403 297 1
419 321 0
24 193 1
48 388 0
482 108 0
379 58 1
362 42 1
392 255 1
247 427 1
99 427 1
168 461 1
461 155 1
192 27 0
195 278 0
6 219 0
169 463 1
116 39 1
151 348 1
122 161 0
455 36 1
444 207 0
169 283 0
79 264 0
267 314 1
139 444 1
216 461 0
387 293 0
251 112 0
154 127 0
422 151 0
124 335 1
122 336 1
439 15 1
219 26 1
259 438 1
280 384 1
339 176 1
235 161 1
417 1 0
273 408 1
287 121 1
473 266 1
363 333 0
417 211 0
207 437 1
394 160 1
247 406 0
227 51 1
365 352 0
320 25 0
165 228 1
493 304 0
101 409 0
79 126 0
242 45 1
64 393 1
373 100 0
366 90 0
67 285 1
328 75 1
474 486 0
187 221 0
436 161 0
56 297 1
